time,FL1,FL6,TL14s1,TA21s1
0.0,242.1995,242.1784,443.0736,581.3201
0.01731882,242.1978,242.1768,443.0736,581.3201
0.1272978,242.1989,242.1778,443.0736,581.3201
0.2272978,242.1989,242.1778,443.0736,581.3201
0.3272977,242.1989,242.1777,443.0736,581.3201
0.4272977,242.1988,242.1777,443.0736,581.3201
0.5272977,242.1988,242.1777,443.0736,581.3201
0.6272978,242.1988,242.1777,443.0736,581.3201
0.7272978,242.1988,242.1777,443.0736,581.3201
0.8272977,242.1988,242.1777,443.0736,581.3201
0.9272978,242.1988,242.1777,443.0736,581.3201
1.027298,242.1988,242.1777,443.0736,581.3201
1.127298,242.1988,242.1777,443.0736,581.3201
1.227298,242.1988,242.1777,443.0736,581.3201
1.327298,242.1988,242.1777,443.0736,581.3201
1.427298,242.1988,242.1777,443.0736,581.3201
1.527298,242.1988,242.1777,443.0736,581.3201
1.627298,242.1988,242.1777,443.0736,581.3201
1.727298,242.1988,242.1777,443.0736,581.3201
1.827298,242.1988,242.1777,443.0736,581.3201
1.927298,242.1988,242.1777,443.0736,581.3201
2.027298,242.1988,242.1777,443.0736,581.3201
2.127298,242.1988,242.1777,443.0736,581.3201
2.227298,242.1988,242.1777,443.0736,581.3201
2.327298,242.1988,242.1777,443.0736,581.3201
2.427298,242.1988,242.1777,443.0736,581.3201
2.527298,242.1988,242.1777,443.0736,581.3201
2.627298,242.1988,242.1777,443.0736,581.3201
2.727298,242.1988,242.1777,443.0736,581.3201
2.827298,242.1988,242.1777,443.0736,581.3201
2.927298,242.1988,242.1777,443.0736,581.3201
3.027298,242.1988,242.1777,443.0736,581.3201
3.127298,242.1988,242.1777,443.0736,581.3201
3.227298,242.1988,242.1777,443.0736,581.3201
3.327298,242.1988,242.1777,443.0736,581.3201
3.427298,242.1988,242.1777,443.0736,581.3201
3.527298,242.1988,242.1777,443.0736,581.3201
3.627298,242.1988,242.1777,443.0736,581.3201
3.727298,242.1988,242.1777,443.0736,581.3201
3.827298,242.1988,242.1777,443.0736,581.3201
3.927298,242.1988,242.1777,443.0736,581.3201
4.027298,242.1988,242.1777,443.0736,581.3201
4.127298,242.1988,242.1777,443.0736,581.3201
4.227298,242.1988,242.1777,443.0736,581.3201
4.327298,242.1988,242.1777,443.0736,581.3201
4.427298,242.1988,242.1777,443.0736,581.3201
4.527298,242.1988,242.1777,443.0736,581.3201
4.627298,242.1989,242.1777,443.0736,581.3201
4.727298,242.1988,242.1777,443.0736,581.3201
4.827298,242.1988,242.1777,443.0736,581.3201
4.927298,242.1988,242.1777,443.0736,581.3201
5.027298,242.1988,242.1777,443.0736,581.3201
5.127298,242.1988,242.1777,443.0736,581.3201
5.227298,242.1988,242.1777,443.0736,581.3201
5.327298,242.1988,242.1777,443.0736,581.3201
5.427298,242.1988,242.1777,443.0736,581.3201
5.527298,242.1988,242.1777,443.0736,581.3201
5.627298,242.1988,242.1777,443.0736,581.3201
5.727298,242.1988,242.1777,443.0736,581.3201
5.827298,242.1988,242.1777,443.0736,581.3201
5.927298,242.1989,242.1777,443.0736,581.3201
6.027298,242.1988,242.1777,443.0736,581.3201
6.127298,242.1988,242.1777,443.0736,581.3201
6.227298,242.1988,242.1777,443.0736,581.3201
6.327298,242.1988,242.1777,443.0736,581.3201
6.427298,242.1988,242.1777,443.0736,581.3201
6.527298,242.1988,242.1777,443.0736,581.3201
6.627298,242.1988,242.1777,443.0736,581.3201
6.727298,242.1988,242.1777,443.0736,581.3201
6.827298,242.1988,242.1777,443.0736,581.3201
6.927298,242.1988,242.1777,443.0736,581.3201
7.027298,242.1988,242.1777,443.0736,581.3201
7.127298,242.1988,242.1777,443.0736,581.3201
7.227298,242.1989,242.1777,443.0736,581.3201
7.327298,242.1988,242.1777,443.0736,581.3201
7.427298,242.1988,242.1777,443.0736,581.3201
7.527298,242.1988,242.1777,443.0736,581.3201
7.627298,242.1988,242.1777,443.0736,581.3201
7.727298,242.1988,242.1777,443.0736,581.3201
7.827298,242.1988,242.1777,443.0736,581.3201
7.927298,242.1988,242.1777,443.0736,581.3201
8.027298,242.1988,242.1777,443.0736,581.3201
8.127298,242.1988,242.1777,443.0736,581.3201
8.227298,242.1988,242.1777,443.0736,581.3201
8.327298,242.1988,242.1777,443.0736,581.3201
8.427298,242.1988,242.1777,443.0736,581.3201
8.527298,242.1989,242.1777,443.0736,581.3201
8.627298,242.1988,242.1777,443.0736,581.3201
8.727298,242.1988,242.1777,443.0736,581.3201
8.827298,242.1988,242.1777,443.0736,581.3201
8.927298,242.1988,242.1777,443.0736,581.3201
9.027298,242.1988,242.1777,443.0736,581.3201
9.127298,242.1988,242.1777,443.0736,581.3201
9.227298,242.1988,242.1777,443.0736,581.3201
9.327298,242.1988,242.1777,443.0736,581.3201
9.427298,242.1988,242.1777,443.0736,581.3201
9.527298,242.1988,242.1777,443.0736,581.3201
9.627298,242.1988,242.1777,443.0736,581.3201
9.727298,242.1988,242.1777,443.0736,581.3201
9.827298,242.1989,242.1777,443.0736,581.3201
9.927298,242.1988,242.1777,443.0736,581.3201
10.0273,242.1988,242.1777,443.0736,581.3201
10.1273,242.1988,242.1777,443.0736,581.3201
10.2273,242.1988,242.1777,443.0736,581.3201
10.3273,242.1988,242.1777,443.0736,581.3201
10.4273,242.1988,242.1777,443.0736,581.3201
10.5273,242.1988,242.1777,443.0736,581.3201
10.6273,242.1988,242.1777,443.0736,581.3201
10.7273,242.1988,242.1777,443.0736,581.3201
10.8273,242.1988,242.1777,443.0736,581.3201
10.9273,242.1988,242.1777,443.0736,581.3201
11.0273,242.1988,242.1777,443.0736,581.3201
11.1273,242.1989,242.1777,443.0736,581.3201
11.2273,242.1988,242.1777,443.0736,581.3201
11.3273,242.1988,242.1777,443.0736,581.3201
11.4273,242.1988,242.1777,443.0736,581.3201
11.5273,242.1988,242.1777,443.0736,581.3201
11.6273,242.1988,242.1777,443.0736,581.3201
11.7273,242.1988,242.1777,443.0736,581.3201
11.8273,242.1988,242.1777,443.0736,581.3201
11.9273,242.1988,242.1777,443.0736,581.3201
12.0273,242.1988,242.1777,443.0736,581.3201
12.1273,242.1988,242.1777,443.0736,581.3201
12.2273,242.1988,242.1777,443.0736,581.3201
12.3273,242.1988,242.1777,443.0736,581.3201
12.4273,242.1989,242.1777,443.0736,581.3201
12.5273,242.1988,242.1777,443.0736,581.3201
12.6273,242.1988,242.1777,443.0736,581.3201
12.7273,242.1988,242.1777,443.0736,581.3201
12.8273,242.1988,242.1777,443.0736,581.3201
12.9273,242.1988,242.1777,443.0736,581.3201
13.0273,242.1988,242.1777,443.0736,581.3201
13.1273,242.1988,242.1777,443.0736,581.3201
13.2273,242.1988,242.1777,443.0736,581.3201
13.3273,242.1988,242.1777,443.0736,581.3201
13.4273,242.1988,242.1777,443.0736,581.3201
13.5273,242.1988,242.1777,443.0736,581.3201
13.6273,242.1988,242.1777,443.0736,581.3201
13.7273,242.1989,242.1777,443.0736,581.3201
13.8273,242.1988,242.1777,443.0736,581.3201
13.9273,242.1988,242.1777,443.0736,581.3201
14.0273,242.1988,242.1777,443.0736,581.3201
14.1273,242.1988,242.1777,443.0736,581.3201
14.2273,242.1988,242.1777,443.0736,581.3201
14.3273,242.1988,242.1777,443.0736,581.3201
14.4273,242.1988,242.1777,443.0736,581.3201
14.5273,242.1988,242.1777,443.0736,581.3201
14.6273,242.1988,242.1777,443.0736,581.3201
14.7273,242.1988,242.1777,443.0736,581.3201
14.8273,242.1988,242.1777,443.0736,581.3201
14.9273,242.1988,242.1777,443.0736,581.3201
15.0273,242.1989,242.1777,443.0736,581.3201
15.1273,242.1988,242.1777,443.0736,581.3201
15.2273,242.1988,242.1777,443.0736,581.3201
15.3273,242.1988,242.1777,443.0736,581.3201
15.4273,242.1988,242.1777,443.0736,581.3201
15.5273,242.1988,242.1777,443.0736,581.3201
15.6273,242.1988,242.1777,443.0736,581.3201
15.7273,242.1988,242.1777,443.0736,581.3201
15.8273,242.1988,242.1777,443.0736,581.3201
15.9273,242.1988,242.1777,443.0736,581.3201
16.0273,242.1988,242.1777,443.0736,581.3201
16.1273,242.1988,242.1777,443.0736,581.3201
16.2273,242.1989,242.1777,443.0735,581.3201
16.3273,242.1989,242.1777,443.0735,581.3201
16.4273,242.1988,242.1777,443.0735,581.3201
16.5273,242.1988,242.1777,443.0735,581.3201
16.6273,242.1988,242.1777,443.0735,581.3201
16.7273,242.1988,242.1777,443.0735,581.3201
16.8273,242.1989,242.1777,443.0735,581.3201
16.9273,242.1988,242.1777,443.0735,581.3201
17.0273,242.1988,242.1777,443.0735,581.3201
17.1273,242.1988,242.1777,443.0735,581.3201
17.2273,242.1988,242.1777,443.0735,581.3201
17.3273,242.1988,242.1777,443.0735,581.3201
17.4273,242.1988,242.1777,443.0735,581.3201
17.5273,242.1988,242.1777,443.0735,581.3201
17.6273,242.1989,242.1777,443.0735,581.3201
17.7273,242.1988,242.1777,443.0735,581.3201
17.8273,242.1988,242.1777,443.0735,581.3201
17.9273,242.1988,242.1777,443.0735,581.3201
18.0273,242.1988,242.1777,443.0735,581.3201
18.1273,242.1988,242.1777,443.0735,581.3201
18.2273,242.1988,242.1777,443.0735,581.3201
18.3273,242.1988,242.1777,443.0735,581.3201
18.4273,242.1988,242.1777,443.0735,581.3201
18.5273,242.1988,242.1777,443.0735,581.3201
18.6273,242.1988,242.1777,443.0735,581.3201
18.7273,242.1988,242.1777,443.0735,581.3201
18.8273,242.1989,242.1777,443.0735,581.3201
18.9273,242.1989,242.1777,443.0735,581.3201
19.0273,242.1988,242.1777,443.0735,581.3201
19.1273,242.1988,242.1777,443.0735,581.3201
19.2273,242.1988,242.1777,443.0735,581.3201
19.3273,242.1988,242.1777,443.0735,581.3201
19.4273,242.1988,242.1777,443.0735,581.3201
19.5273,242.1988,242.1777,443.0735,581.3201
19.6273,242.1988,242.1777,443.0735,581.3201
19.7273,242.1988,242.1777,443.0735,581.3201
19.8273,242.1988,242.1777,443.0735,581.3201
19.9273,242.1988,242.1777,443.0735,581.3201
20.0273,242.1988,242.1777,443.0735,581.3201
20.1273,242.1942,242.1791,443.0735,581.3201
20.2273,242.1727,242.1867,443.0735,581.3203
20.3273,242.1287,242.2027,443.0735,581.321
20.4273,242.0612,242.2274,443.0735,581.3229
20.5273,241.9712,242.2604,443.0734,581.3264
20.6273,241.8603,242.3007,443.0734,581.332
20.7273,241.7303,242.3477,443.0735,581.3396
20.8273,241.5833,242.4005,443.0736,581.3492
20.9273,241.4209,242.4584,443.0739,581.3607
21.0273,241.2448,242.5207,443.0744,581.374
21.1273,241.0564,242.5869,443.0751,581.3888
21.2273,240.8571,242.6564,443.076,581.4048
21.3273,240.648,242.729,443.0772,581.4219
21.4273,240.4302,242.8041,443.0787,581.4401
21.5273,240.2047,242.8815,443.0805,581.4591
21.6273,239.9722,242.9609,443.0827,581.4787
21.7273,239.7335,243.0421,443.0852,581.499
21.8273,239.4892,243.1247,443.0881,581.5196
21.9273,239.24,243.2088,443.0914,581.5407
22.0273,238.9864,243.294,443.095,581.562
22.1273,238.7288,243.3803,443.0991,581.5836
22.2273,238.4676,243.4675,443.1035,581.6054
22.3273,238.2033,243.5555,443.1084,581.6273
22.4273,237.9361,243.6443,443.1136,581.6493
22.5273,237.6663,243.7337,443.1192,581.6714
22.6273,237.3942,243.8237,443.1252,581.6936
22.7273,237.1201,243.9142,443.1316,581.7158
22.8273,236.844,244.0051,443.1384,581.738
22.9273,236.5662,244.0964,443.1456,581.7603
23.0273,236.2869,244.1881,443.1532,581.7824
23.1273,236.0062,244.2801,443.1611,581.8045
23.2273,235.7242,244.3724,443.1695,581.8266
23.3273,235.4411,244.465,443.1782,581.8486
23.4273,235.1569,244.5578,443.1872,581.8705
23.5273,234.8717,244.6508,443.1966,581.8923
23.6273,234.5856,244.744,443.2064,581.9141
23.7273,234.2987,244.8373,443.2166,581.9358
23.8273,234.011,244.9308,443.227,581.9575
23.9273,233.7226,245.0245,443.2378,581.979
24.0273,233.4336,245.1184,443.2489,582.0004
24.1273,233.1439,245.2123,443.2604,582.0218
24.2273,232.8536,245.3063,443.2722,582.0429
24.3273,232.5628,245.4005,443.2842,582.064
24.4273,232.2714,245.4947,443.2966,582.085
24.5273,231.9796,245.589,443.3093,582.1058
24.6273,231.6872,245.6834,443.3223,582.1265
24.7273,231.3944,245.7779,443.3356,582.1471
24.8273,231.1012,245.8725,443.3491,582.1676
24.9273,230.8075,245.9672,443.363,582.1879
25.0273,230.5135,246.0619,443.3771,582.2082
25.1273,230.2191,246.1567,443.3915,582.2283
25.2273,229.9242,246.2516,443.4061,582.2483
25.3273,229.6288,246.347,443.421,582.2682
25.4273,229.333,246.4425,443.4361,582.288
25.5273,229.035,246.5439,443.4515,582.3076
25.6273,228.7341,246.651,443.4671,582.327
25.7273,228.4317,246.761,443.483,582.346
25.8273,228.1285,246.8723,443.4991,582.3645
25.9273,227.8249,246.9841,443.5154,582.3823
26.0273,227.521,247.096,443.5319,582.3995
26.1273,227.2169,247.2079,443.5486,582.4162
26.2273,226.9125,247.3196,443.5655,582.4327
26.3273,226.6081,247.4311,443.5826,582.4488
26.4273,226.3034,247.5425,443.5999,582.4649
26.5273,225.9985,247.6536,443.6172,582.4808
26.6273,225.6934,247.7647,443.6348,582.4966
26.7273,225.3881,247.8755,443.6526,582.5123
26.8273,225.0824,247.9862,443.6705,582.5281
26.9273,224.7766,248.0968,443.6886,582.5437
27.0273,224.4705,248.2074,443.7068,582.5592
27.1273,224.1641,248.3179,443.7252,582.5746
27.2273,223.8575,248.4283,443.7437,582.59
27.3273,223.5505,248.5386,443.7623,582.6053
27.4273,223.2434,248.6491,443.7812,582.6204
27.5273,222.9358,248.7594,443.8001,582.6356
27.6273,222.6279,248.8697,443.8192,582.6506
27.7273,222.3198,248.98,443.8384,582.6655
27.8273,222.0113,249.0902,443.8578,582.6803
27.9273,221.7025,249.2005,443.8772,582.6951
28.0273,221.3935,249.3109,443.8969,582.7098
28.1273,221.084,249.4212,443.9166,582.7243
28.2273,220.7743,249.5316,443.9365,582.7388
28.3273,220.4642,249.642,443.9564,582.7532
28.4273,220.1538,249.7524,443.9765,582.7675
28.5273,219.843,249.8629,443.9968,582.7816
28.6273,219.532,249.9734,444.0171,582.7957
28.7273,219.2205,250.084,444.0375,582.8098
28.8273,218.9088,250.1946,444.0581,582.8237
28.9273,218.5967,250.3052,444.0787,582.8375
29.0273,218.2842,250.4158,444.0995,582.8513
29.1273,217.9715,250.5266,444.1203,582.865
29.2273,217.6585,250.6374,444.1413,582.8786
29.3273,217.3449,250.7482,444.1624,582.892
29.4273,217.0311,250.8591,444.1836,582.9054
29.5273,216.7169,250.97,444.2048,582.9188
29.6273,216.4025,251.081,444.2262,582.932
29.7273,216.0878,251.1922,444.2476,582.9451
29.8273,215.7723,251.303,444.2692,582.9582
29.9273,215.4568,251.4142,444.2908,582.9711
30.0273,215.1409,251.5254,444.3125,582.9841
30.1273,214.8246,251.6367,444.3343,582.9968
30.2273,214.508,251.748,444.3562,583.0096
30.3273,214.1909,251.8593,444.3782,583.0222
30.4273,213.8736,251.9707,444.4003,583.0348
30.5273,213.5559,252.0823,444.4224,583.0473
30.6273,213.2379,252.1939,444.4446,583.0596
30.7273,212.9194,252.3055,444.4669,583.072
30.8273,212.6005,252.4172,444.4893,583.0842
30.9273,212.2814,252.529,444.5118,583.0964
31.0273,211.9618,252.6408,444.5343,583.1085
31.1273,211.6419,252.7527,444.5569,583.1205
31.2273,211.3216,252.8647,444.5796,583.1324
31.3273,211.0009,252.9767,444.6023,583.1442
31.4273,210.6799,253.0888,444.6251,583.156
31.5273,210.3584,253.201,444.648,583.1677
31.6273,210.0367,253.3133,444.671,583.1793
31.7273,209.7145,253.4256,444.694,583.1909
31.8273,209.3917,253.5378,444.7171,583.2024
31.9273,209.069,253.6504,444.7403,583.2138
32.0273,208.7454,253.7627,444.7635,583.2251
32.1273,208.4219,253.8755,444.7868,583.2364
32.2273,208.0977,253.988,444.8101,583.2475
32.3273,207.7731,254.1006,444.8336,583.2587
32.4273,207.4484,254.2136,444.857,583.2697
32.5273,207.1229,254.3262,444.8806,583.2807
32.6273,206.7972,254.4392,444.9042,583.2916
32.7273,206.4713,254.5523,444.9278,583.3025
32.8273,206.1447,254.6652,444.9515,583.3132
32.9273,205.8178,254.7783,444.9753,583.3239
33.0273,205.4906,254.8915,444.9992,583.3346
33.1273,205.1629,255.0048,445.023,583.3451
33.2273,204.8348,255.1181,445.047,583.3556
33.3273,204.5063,255.2315,445.0709,583.3661
33.4273,204.1774,255.3449,445.095,583.3765
33.5273,203.8482,255.4586,445.1191,583.3868
33.6273,203.5186,255.5723,445.1432,583.397
33.7273,203.1882,255.6858,445.1674,583.4073
33.8273,202.8578,255.7996,445.1917,583.4174
33.9273,202.5267,255.9134,445.2159,583.4275
34.0273,202.1953,256.0273,445.2403,583.4375
34.1273,201.8636,256.1414,445.2647,583.4475
34.2273,201.5315,256.2556,445.2891,583.4574
34.3273,201.1988,256.3697,445.3136,583.4672
34.4273,200.8656,256.4839,445.3382,583.477
34.5273,200.5321,256.5982,445.3627,583.4868
34.6273,200.1982,256.7126,445.3874,583.4965
34.7273,199.8638,256.827,445.4121,583.5061
34.8273,199.529,256.9416,445.4368,583.5157
34.9273,199.1938,257.0562,445.4615,583.5252
35.0273,198.8581,257.1708,445.4863,583.5346
35.1273,198.5221,257.2858,445.5112,583.544
35.2273,198.1857,257.4007,445.5361,583.5532
35.3273,197.8487,257.5157,445.5611,583.5624
35.4273,197.5112,257.6306,445.5861,583.5716
35.5273,197.1733,257.7456,445.6111,583.5807
35.6273,196.835,257.8608,445.6362,583.5897
35.7273,196.4962,257.9761,445.6613,583.5987
35.8273,196.157,258.0914,445.6865,583.6077
35.9273,195.8174,258.2068,445.7117,583.6165
36.0273,195.4776,258.3226,445.737,583.6253
36.1273,195.1366,258.4379,445.7623,583.634
36.2273,194.7957,258.5536,445.7876,583.6428
36.3273,194.4542,258.6694,445.813,583.6514
36.4273,194.1123,258.7853,445.8384,583.66
36.5273,193.7699,258.9012,445.8639,583.6686
36.6273,193.4271,259.0173,445.8894,583.677
36.7273,193.0835,259.1333,445.9149,583.6855
36.8273,192.7397,259.2495,445.9405,583.6938
36.9273,192.3956,259.366,445.9662,583.7022
37.0273,192.0506,259.4822,445.9918,583.7105
37.1273,191.7054,259.5987,446.0175,583.7187
37.2273,191.3596,259.7152,446.0433,583.7269
37.3273,191.0135,259.8319,446.0691,583.7351
37.4273,190.6666,259.9486,446.0949,583.7432
37.5273,190.3194,260.0653,446.1208,583.7512
37.6273,189.972,260.1825,446.1467,583.7592
37.7273,189.6313,260.2968,446.1727,583.7671
37.8273,189.3019,260.4069,446.1987,583.7748
37.9273,188.9759,260.5156,446.2248,583.7819
38.0273,188.6514,260.6239,446.2509,583.7882
38.1273,188.3266,260.7319,446.277,583.7941
38.2273,188.0018,260.8405,446.3032,583.7994
38.3273,187.6759,260.949,446.3293,583.8045
38.4273,187.3495,261.0582,446.3555,583.8093
38.5273,187.0219,261.1674,446.3816,583.8142
38.6273,186.6935,261.277,446.4077,583.819
38.7273,186.3643,261.3869,446.4339,583.8239
38.8273,186.0342,261.497,446.46,583.8287
38.9273,185.7031,261.6074,446.4861,583.8337
39.0273,185.3715,261.7181,446.5122,583.8387
39.1273,185.039,261.829,446.5384,583.8437
39.2273,184.7057,261.94,446.5645,583.8487
39.3273,184.3717,262.0512,446.5906,583.8538
39.4273,184.0371,262.1628,446.6167,583.8588
39.5273,183.7015,262.2742,446.6428,583.8639
39.6273,183.3655,262.3861,446.669,583.869
39.7273,183.0286,262.4978,446.6951,583.8741
39.8273,182.6913,262.61,446.7212,583.8792
39.9273,182.3532,262.7221,446.7474,583.8843
40.0273,182.0144,262.8343,446.7735,583.8894
40.1273,181.6752,262.947,446.7997,583.8944
40.2273,181.3351,263.0593,446.8259,583.8995
40.3273,180.9945,263.172,446.8521,583.9045
40.4273,180.6535,263.2849,446.8783,583.9095
40.5273,180.3117,263.3978,446.9046,583.9145
40.6273,179.9694,263.5109,446.9308,583.9194
40.7273,179.6265,263.6241,446.9571,583.9244
40.8273,179.283,263.7373,446.9833,583.9293
40.9273,178.939,263.8508,447.0097,583.9342
41.0273,178.5945,263.9644,447.036,583.939
41.1273,178.2493,264.0781,447.0623,583.9439
41.2273,177.9034,264.1917,447.0887,583.9487
41.3273,177.5571,264.3056,447.115,583.9535
41.4273,177.2103,264.4196,447.1415,583.9583
41.5273,176.8628,264.5337,447.1679,583.963
41.6273,176.5147,264.6478,447.1943,583.9678
41.7273,176.1663,264.7623,447.2208,583.9724
41.8273,175.8169,264.8765,447.2473,583.9771
41.9273,175.4672,264.991,447.2738,583.9818
42.0273,175.1171,265.1058,447.3004,583.9865
42.1273,174.7663,265.2207,447.327,583.9913
42.2273,174.4148,265.3355,447.3536,583.9959
42.3273,174.0626,265.4503,447.3802,584.0006
42.4273,173.7099,265.5654,447.4069,584.0051
42.5273,173.3568,265.6806,447.4336,584.0097
42.6273,173.0032,265.7961,447.4603,584.0142
42.7273,172.6488,265.9115,447.487,584.0187
42.8273,172.2938,266.027,447.5138,584.0232
42.9273,171.9383,266.1427,447.5406,584.0276
43.0273,171.5822,266.2585,447.5675,584.032
43.1273,171.2255,266.3744,447.5943,584.0363
43.2273,170.8683,266.4906,447.6213,584.0407
43.3273,170.5102,266.6065,447.6482,584.045
43.4273,170.1517,266.7228,447.6752,584.0493
43.5273,169.7925,266.8392,447.7022,584.0536
43.6273,169.4329,266.9558,447.7292,584.0579
43.7273,169.0727,267.0725,447.7563,584.0622
43.8273,168.7116,267.1892,447.7834,584.0664
43.9273,168.3498,267.3058,447.8105,584.0706
44.0273,167.9878,267.423,447.8377,584.0748
44.1273,167.6247,267.5399,447.8649,584.079
44.2273,167.2613,267.6573,447.8922,584.0832
44.3273,166.8972,267.7746,447.9194,584.0874
44.4273,166.5328,267.8924,447.9468,584.0915
44.5273,166.1672,268.0098,447.9741,584.0956
44.6273,165.801,268.1274,448.0015,584.0997
44.7273,165.4346,268.2455,448.029,584.1038
44.8273,165.0672,268.3634,448.0565,584.1079
44.9273,164.6992,268.4814,448.084,584.1119
45.0273,164.3305,268.5997,448.1115,584.1159
45.1273,163.9615,268.7183,448.1391,584.1199
45.2273,163.5913,268.8366,448.1668,584.1239
45.3273,163.2206,268.9552,448.1945,584.1279
45.4273,162.8493,269.0741,448.2222,584.1318
45.5273,162.4776,269.1933,448.25,584.1358
45.6273,162.1046,269.3121,448.2778,584.1397
45.7273,161.7312,269.4313,448.3056,584.1436
45.8273,161.3573,269.5508,448.3335,584.1475
45.9273,160.9825,269.6702,448.3615,584.1514
46.0273,160.6068,269.7897,448.3895,584.1553
46.1273,160.2307,269.9096,448.4175,584.1591
46.2273,159.8538,270.0295,448.4456,584.163
46.3273,159.4762,270.1495,448.4737,584.1669
46.4273,159.0978,270.2697,448.5019,584.1707
46.5273,158.7188,270.3901,448.5301,584.1746
46.6273,158.339,270.5106,448.5584,584.1784
46.7273,157.9585,270.6314,448.5868,584.1823
46.8273,157.5771,270.752,448.6151,584.1861
46.9273,157.1951,270.873,448.6436,584.1899
47.0273,156.8127,270.9945,448.672,584.1937
47.1273,156.4289,271.1154,448.7006,584.1975
47.2273,156.0447,271.237,448.7292,584.2013
47.3273,155.6594,271.3583,448.7578,584.2051
47.4273,155.2739,271.4803,448.7865,584.209
47.5273,154.887,271.6019,448.8152,584.2128
47.6273,154.4995,271.724,448.844,584.2166
47.7273,154.1113,271.8461,448.8729,584.2204
47.8273,153.7224,271.9686,448.9018,584.2242
47.9273,153.3341,272.0909,448.9307,584.228
48.0273,152.9505,272.2108,448.9598,584.2318
48.1273,152.5702,272.3301,448.9888,584.2354
48.2273,152.1912,272.4484,449.0179,584.2386
48.3273,151.8134,272.5665,449.0471,584.2415
48.4273,151.4362,272.6844,449.0764,584.244
48.5273,151.0592,272.8021,449.1057,584.2461
48.6273,150.6824,272.9199,449.135,584.2481
48.7273,150.3055,273.0375,449.1644,584.2499
48.8273,149.9285,273.1552,449.1937,584.2515
48.9273,149.5515,273.273,449.2232,584.2531
49.0273,149.1741,273.3907,449.2526,584.2546
49.1273,148.8018,273.5088,449.2821,584.2559
49.2273,148.4449,273.6224,449.3116,584.257
49.3273,148.1111,273.7299,449.3412,584.2572
49.4273,147.8023,273.8292,449.3708,584.2558
49.5273,147.5192,273.9203,449.4004,584.252
49.6273,147.2613,274.0034,449.43,584.2454
49.7273,147.0272,274.0791,449.4596,584.2357
49.8273,146.8156,274.1478,449.4892,584.2228
49.9273,146.6251,274.2106,449.5186,584.2067
50.0273,146.4533,274.2673,449.5479,584.1876
50.1273,146.2988,274.3187,449.5769,584.1656
50.2273,146.1603,274.3656,449.6057,584.1411
50.3273,146.0365,274.4085,449.6341,584.1143
50.4273,145.9254,274.4473,449.6622,584.0855
50.5273,145.8261,274.4826,449.6899,584.055
50.6273,145.7378,274.5151,449.7172,584.0228
50.7273,145.6588,274.5446,449.744,583.9894
50.8273,145.5886,274.5716,449.7703,583.9548
50.9273,145.5263,274.5965,449.7961,583.9193
51.0273,145.471,274.6193,449.8213,583.8829
51.1273,145.4219,274.6402,449.8461,583.8458
51.2273,145.3788,274.6597,449.8702,583.8081
51.3273,145.3404,274.6774,449.8938,583.7699
51.4273,145.307,274.6941,449.9169,583.7314
51.5273,145.2776,274.7095,449.9393,583.6924
51.6273,145.2515,274.7236,449.9612,583.6533
51.7273,145.2292,274.737,449.9824,583.6139
51.8273,145.2096,274.7494,450.0031,583.5744
51.9273,145.1927,274.761,450.0233,583.5348
52.0273,145.1782,274.7719,450.0428,583.4951
52.1273,145.1659,274.7822,450.0617,583.4555
52.2273,145.1556,274.7921,450.0801,583.4158
52.3273,145.1468,274.8012,450.0979,583.3761
52.4273,145.1395,274.81,450.1152,583.3365
52.5273,145.1339,274.8186,450.1318,583.2969
52.6273,145.129,274.8263,450.148,583.2574
52.7273,145.1255,274.834,450.1635,583.2181
52.8273,145.1228,274.8412,450.1786,583.1788
52.9273,145.1212,274.8484,450.1931,583.1396
53.0273,145.1202,274.8551,450.2071,583.1007
53.1273,145.1199,274.8617,450.2206,583.0617
53.2273,145.1204,274.8683,450.2336,583.0229
53.3273,145.1212,274.8743,450.2461,582.9842
53.4273,145.1225,274.8804,450.2581,582.9457
53.5273,145.1245,274.8864,450.2696,582.9073
53.6273,145.1266,274.8921,450.2807,582.8691
53.7273,145.1292,274.8978,450.2912,582.8311
53.8273,145.1321,274.9033,450.3014,582.7932
53.9273,145.1352,274.9087,450.3111,582.7555
54.0273,145.1386,274.9141,450.3203,582.7179
54.1273,145.1422,274.9194,450.3291,582.6805
54.2273,145.146,274.9246,450.3375,582.6431
54.3273,145.15,274.9298,450.3455,582.6059
54.4273,145.1541,274.9349,450.3531,582.5688
54.5273,145.1584,274.94,450.3602,582.5319
54.6273,145.1627,274.9449,450.367,582.4952
54.7273,145.1672,274.9499,450.3734,582.4586
54.8273,145.1718,274.9548,450.3794,582.4221
54.9273,145.1765,274.9597,450.3851,582.3859
55.0273,145.1812,274.9645,450.3904,582.3497
55.1273,145.186,274.9694,450.3954,582.3138
55.2273,145.1909,274.9741,450.3999,582.278
55.3273,145.1958,274.9789,450.4042,582.2423
55.4273,145.2007,274.9836,450.4082,582.2068
55.5273,145.2057,274.9884,450.4118,582.1715
55.6273,145.2107,274.9931,450.4151,582.1363
55.7273,145.2158,274.9978,450.4181,582.1012
55.8273,145.2209,275.0025,450.4207,582.0663
55.9273,145.226,275.0072,450.4231,582.0316
56.0273,145.2311,275.0118,450.4252,581.9969
56.1273,145.2363,275.0165,450.427,581.9625
56.2273,145.2414,275.0211,450.4285,581.9281
56.3273,145.2466,275.0258,450.4298,581.8939
56.4273,145.2518,275.0304,450.4307,581.8598
56.5273,145.257,275.035,450.4315,581.8259
56.6273,145.2622,275.0396,450.4319,581.7921
56.7273,145.2674,275.0442,450.4321,581.7584
56.8273,145.2726,275.0488,450.4321,581.7249
56.9273,145.2779,275.0534,450.4318,581.6914
57.0273,145.2831,275.058,450.4313,581.6582
57.1273,145.2883,275.0626,450.4306,581.625
57.2273,145.2936,275.0671,450.4296,581.592
57.3273,145.2989,275.0717,450.4284,581.5591
57.4273,145.3041,275.0762,450.427,581.5263
57.5273,145.3093,275.0808,450.4254,581.4937
57.6273,145.3146,275.0854,450.4236,581.4611
57.7273,145.3198,275.0899,450.4215,581.4287
57.8273,145.3251,275.0945,450.4193,581.3964
57.9273,145.3304,275.099,450.4169,581.3643
58.0273,145.3356,275.1035,450.4143,581.3323
58.1273,145.3409,275.1081,450.4115,581.3003
58.2273,145.3461,275.1126,450.4085,581.2685
58.3273,145.3514,275.1172,450.4054,581.2368
58.4273,145.3566,275.1217,450.4021,581.2052
58.5273,145.3619,275.1262,450.3986,581.1738
58.6273,145.3671,275.1307,450.3949,581.1424
58.7273,145.3724,275.1353,450.3911,581.1111
58.8273,145.3776,275.1398,450.3871,581.08
58.9273,145.3829,275.1444,450.383,581.049
59.0273,145.3881,275.1489,450.3787,581.018
59.1273,145.3934,275.1534,450.3742,580.9872
59.2273,145.3986,275.1579,450.3697,580.9565
59.3273,145.4039,275.1625,450.365,580.9259
59.4273,145.4091,275.1669,450.3601,580.8954
59.5273,145.4143,275.1715,450.3551,580.8649
59.6273,145.4195,275.176,450.35,580.8346
59.7273,145.4248,275.1805,450.3447,580.8044
59.8273,145.43,275.185,450.3394,580.7743
59.9273,145.4353,275.1895,450.3338,580.7444
60.0273,145.4405,275.194,450.3282,580.7145
60.1273,145.4458,275.1985,450.3225,580.6847
60.2273,145.451,275.203,450.3166,580.655
60.3273,145.4562,275.2075,450.3106,580.6255
60.4273,145.4615,275.212,450.3046,580.596
60.5273,145.4668,275.2165,450.2984,580.5666
60.6273,145.4719,275.221,450.2921,580.5374
60.7273,145.4772,275.2255,450.2857,580.5083
60.8273,145.4824,275.23,450.2792,580.4793
60.9273,145.4877,275.2345,450.2726,580.4504
61.0273,145.4928,275.2389,450.2659,580.4217
61.1273,145.4981,275.2435,450.2591,580.3929
61.2273,145.5033,275.2479,450.2522,580.3644
61.3273,145.5086,275.2525,450.2453,580.3358
61.4273,145.5138,275.2569,450.2382,580.3074
61.5273,145.519,275.2615,450.2311,580.279
61.6273,145.5242,275.2659,450.2239,580.2508
61.7273,145.5294,275.2704,450.2165,580.2226
61.8273,145.5346,275.2749,450.2092,580.1945
61.9273,145.5399,275.2794,450.2017,580.1664
62.0273,145.5451,275.2839,450.1942,580.1385
62.1273,145.5503,275.2884,450.1866,580.1107
62.2273,145.5555,275.2928,450.1789,580.0829
62.3273,145.5607,275.2973,450.1711,580.0552
62.4273,145.5659,275.3018,450.1633,580.0275
62.5273,145.5712,275.3063,450.1554,580.0
62.6273,145.5763,275.3107,450.1475,579.9725
62.7273,145.5816,275.3152,450.1395,579.9452
62.8273,145.5868,275.3197,450.1314,579.9179
62.9273,145.592,275.3242,450.1233,579.8907
63.0273,145.5972,275.3286,450.1151,579.8636
63.1273,145.6024,275.3332,450.1068,579.8366
63.2273,145.6076,275.3376,450.0985,579.8096
63.3273,145.6129,275.3421,450.0902,579.7826
63.4273,145.618,275.3465,450.0818,579.7558
63.5273,145.6233,275.351,450.0733,579.7291
63.6273,145.6285,275.3555,450.0648,579.7024
63.7273,145.6337,275.36,450.0562,579.6758
63.8273,145.6389,275.3644,450.0476,579.6493
63.9273,145.6441,275.3689,450.0389,579.6227
64.0273,145.6493,275.3734,450.0302,579.5964
64.1273,145.6545,275.3778,450.0215,579.57
64.2273,145.6597,275.3823,450.0127,579.5438
64.3273,145.665,275.3868,450.0038,579.5176
64.4273,145.6701,275.3912,449.995,579.4915
64.5273,145.6753,275.3957,449.9861,579.4654
64.6273,145.6805,275.4002,449.9771,579.4394
64.7273,145.6857,275.4046,449.9681,579.4135
64.8273,145.6909,275.4091,449.9591,579.3877
64.9273,145.6961,275.4136,449.95,579.3619
65.0273,145.7013,275.418,449.9409,579.3362
65.1273,145.7065,275.4225,449.9318,579.3106
65.2273,145.7117,275.427,449.9226,579.2849
65.3273,145.7169,275.4314,449.9134,579.2594
65.4273,145.7221,275.4359,449.9042,579.234
65.5273,145.7273,275.4404,449.8949,579.2086
65.6273,145.7325,275.4448,449.8856,579.1833
65.7273,145.7377,275.4493,449.8763,579.1581
65.8273,145.7429,275.4537,449.8669,579.1328
65.9273,145.7481,275.4582,449.8576,579.1077
66.0273,145.7532,275.4626,449.8482,579.0826
66.1273,145.7585,275.4671,449.8388,579.0576
66.2273,145.7637,275.4715,449.8293,579.0327
66.3273,145.7689,275.476,449.8198,579.0078
66.4273,145.7741,275.4804,449.8104,578.983
66.5273,145.7793,275.4849,449.8008,578.9581
66.6273,145.7845,275.4894,449.7913,578.9334
66.7273,145.7894,275.4936,449.7817,578.9088
66.8273,145.792,275.4973,449.7721,578.8842
66.9273,145.7922,275.5022,449.7625,578.8599
67.0273,145.7902,275.5091,449.7529,578.8359
67.1273,145.7865,275.5184,449.7433,578.8121
67.2273,145.7812,275.5298,449.7336,578.7885
67.3273,145.7748,275.5433,449.724,578.7651
67.4273,145.7674,275.5587,449.7144,578.7415
67.5273,145.7592,275.5758,449.7047,578.718
67.6273,145.7503,275.5944,449.6951,578.6943
67.7273,145.7409,275.6143,449.6854,578.6706
67.8273,145.731,275.6354,449.6757,578.6466
67.9273,145.7208,275.6576,449.666,578.6226
68.0273,145.7103,275.6806,449.6564,578.5986
68.1273,145.6996,275.7046,449.6467,578.5744
68.2273,145.6887,275.7293,449.637,578.5501
68.3273,145.6776,275.7546,449.6272,578.5257
68.4273,145.6665,275.7805,449.6175,578.5014
68.5273,145.6553,275.807,449.6077,578.4769
68.6273,145.6439,275.8339,449.5979,578.4525
68.7273,145.6327,275.8613,449.5881,578.428
68.8273,145.6213,275.8889,449.5783,578.4035
68.9273,145.61,275.9169,449.5684,578.379
69.0273,145.5986,275.9452,449.5585,578.3545
69.1273,145.5873,275.9738,449.5486,578.33
69.2273,145.5759,276.0025,449.5387,578.3055
69.3273,145.5646,276.0315,449.5287,578.2811
69.4273,145.5533,276.0606,449.5187,578.2567
69.5273,145.5421,276.09,449.5087,578.2324
69.6273,145.5308,276.1194,449.4987,578.208
69.7273,145.5196,276.149,449.4886,578.1837
69.8273,145.5084,276.1786,449.4785,578.1595
69.9273,145.4972,276.2084,449.4684,578.1352
70.0273,145.4861,276.2382,449.4582,578.111
70.1273,145.475,276.2682,449.448,578.0869
70.2273,145.4639,276.2982,449.4378,578.0628
70.3273,145.4528,276.3282,449.4276,578.0387
70.4273,145.4418,276.3583,449.4173,578.0147
70.5273,145.4308,276.3885,449.407,577.9908
70.6273,145.4197,276.4187,449.3967,577.9669
70.7273,145.4088,276.449,449.3864,577.943
70.8273,145.3978,276.4792,449.3761,577.9192
70.9273,145.3869,276.5095,449.3656,577.8955
71.0273,145.3759,276.5397,449.3552,577.8718
71.1273,145.3651,276.5701,449.3448,577.8482
71.2273,145.3541,276.6004,449.3344,577.8246
71.3273,145.3433,276.6308,449.3239,577.8011
71.4273,145.3324,276.6611,449.3134,577.7776
71.5273,145.3216,276.6916,449.3029,577.7542
71.6273,145.3107,276.7219,449.2924,577.7308
71.7273,145.2999,276.7524,449.2818,577.7076
71.8273,145.2891,276.7827,449.2712,577.6843
71.9273,145.2783,276.8132,449.2607,577.6611
72.0273,145.2675,276.8435,449.25,577.638
72.1273,145.2568,276.874,449.2394,577.6149
72.2273,145.2459,276.9044,449.2288,577.5919
72.3273,145.2352,276.9348,449.2181,577.5689
72.4273,145.2244,276.9652,449.2075,577.546
72.5273,145.2136,276.9957,449.1968,577.5231
72.6273,145.2028,277.026,449.1861,577.5003
72.7273,145.1921,277.0565,449.1753,577.4776
72.8273,145.1813,277.0869,449.1646,577.4548
72.9273,145.1706,277.1174,449.1539,577.4322
73.0273,145.1598,277.1478,449.1431,577.4096
73.1273,145.1491,277.1782,449.1324,577.3871
73.2273,145.1383,277.2086,449.1216,577.3646
73.3273,145.1277,277.2391,449.1108,577.3422
73.4273,145.1169,277.2695,449.1,577.3198
73.5273,145.1062,277.2999,449.0892,577.2975
73.6273,145.0954,277.3303,449.0784,577.2752
73.7273,145.0847,277.3607,449.0676,577.253
73.8273,145.0739,277.3911,449.0567,577.2308
73.9273,145.0633,277.4216,449.0459,577.2087
74.0273,145.0525,277.4519,449.035,577.1867
74.1273,145.0418,277.4824,449.0241,577.1646
74.2273,145.0311,277.5127,449.0133,577.1427
74.3273,145.0204,277.5432,449.0024,577.1208
74.4273,145.0097,277.5735,448.9915,577.099
74.5273,144.999,277.6039,448.9806,577.0772
74.6273,144.9883,277.6343,448.9698,577.0555
74.7273,144.9776,277.6647,448.9588,577.0338
74.8273,144.9668,277.695,448.948,577.0121
74.9273,144.9562,277.7255,448.937,576.9905
75.0273,144.9454,277.7558,448.9262,576.969
75.1273,144.9348,277.7862,448.9152,576.9475
75.2273,144.9241,277.8165,448.9043,576.9261
75.3273,144.9134,277.8469,448.8934,576.9046
75.4273,144.9027,277.8773,448.8825,576.8833
75.5273,144.892,277.9077,448.8715,576.862
75.6273,144.8813,277.938,448.8606,576.8408
75.7273,144.8707,277.9684,448.8497,576.8196
75.8273,144.8599,277.9987,448.8387,576.7984
75.9273,144.8493,278.0291,448.8278,576.7773
76.0273,144.8386,278.0594,448.8169,576.7563
76.1273,144.8279,278.0898,448.8059,576.7353
76.2273,144.8172,278.1201,448.795,576.7143
76.3273,144.8065,278.1504,448.7841,576.6935
76.4273,144.7958,278.1807,448.7732,576.6726
76.5273,144.7851,278.2111,448.7622,576.6518
76.6273,144.7744,278.2414,448.7513,576.6311
76.7273,144.7637,278.2717,448.7403,576.6104
76.8273,144.753,278.302,448.7294,576.5897
76.9273,144.7424,278.3324,448.7185,576.5691
77.0273,144.7316,278.3627,448.7075,576.5485
77.1273,144.721,278.393,448.6966,576.528
77.2273,144.7103,278.4233,448.6857,576.5076
77.3273,144.6997,278.4536,448.6748,576.4871
77.4273,144.6889,278.4839,448.6638,576.4667
77.5273,144.6783,278.5142,448.6529,576.4464
77.6273,144.6676,278.5445,448.642,576.4261
77.7273,144.6569,278.5748,448.6311,576.4059
77.8273,144.6462,278.605,448.6202,576.3857
77.9273,144.6356,278.6354,448.6093,576.3656
78.0273,144.6249,278.6656,448.5984,576.3455
78.1273,144.6142,278.6959,448.5875,576.3255
78.2273,144.6035,278.7262,448.5766,576.3055
78.3273,144.5929,278.7564,448.5657,576.2855
78.4273,144.5822,278.7867,448.5548,576.2657
78.5273,144.5716,278.817,448.5439,576.2458
78.6273,144.5609,278.8472,448.5331,576.226
78.7273,144.5503,278.8775,448.5222,576.2062
78.8273,144.5396,278.9077,448.5113,576.1865
78.9273,144.5289,278.938,448.5004,576.1668
79.0273,144.5182,278.9682,448.4896,576.1471
79.1273,144.5076,278.9985,448.4787,576.1275
79.2273,144.4969,279.0287,448.4679,576.108
79.3273,144.4863,279.059,448.457,576.0885
79.4273,144.4756,279.0892,448.4462,576.0689
79.5273,144.4649,279.1195,448.4354,576.0495
79.6273,144.4542,279.1497,448.4245,576.0301
79.7273,144.4436,279.1799,448.4137,576.0107
79.8273,144.4329,279.2102,448.4029,575.9913
79.9273,144.4223,279.2404,448.3921,575.9721
80.0273,144.4116,279.2706,448.3813,575.9528
80.1273,144.401,279.3008,448.3705,575.9336
80.2273,144.3903,279.331,448.3597,575.9144
80.3273,144.3797,279.3613,448.349,575.8953
80.4273,144.369,279.3915,448.3382,575.8761
80.5273,144.3584,279.4217,448.3274,575.8571
80.6273,144.3477,279.4519,448.3167,575.8381
80.7273,144.3371,279.4821,448.3059,575.8191
80.8273,144.3264,279.5123,448.2952,575.8002
80.9273,144.3158,279.5425,448.2845,575.7813
81.0273,144.3051,279.5726,448.2737,575.7625
81.1273,144.2945,279.6029,448.263,575.7437
81.2273,144.2838,279.633,448.2523,575.7249
81.3273,144.2732,279.6632,448.2416,575.7062
81.4273,144.2625,279.6934,448.2309,575.6875
81.5273,144.2519,279.7236,448.2202,575.6689
81.6273,144.2413,279.7537,448.2096,575.6503
81.7273,144.2306,279.7839,448.1989,575.6317
81.8273,144.22,279.814,448.1882,575.6132
81.9273,144.2094,279.8443,448.1776,575.5948
82.0273,144.1987,279.8744,448.1669,575.5763
82.1273,144.1881,279.9046,448.1563,575.5579
82.2273,144.1774,279.9347,448.1457,575.5396
82.3273,144.1668,279.9649,448.1351,575.5212
82.4273,144.1561,279.995,448.1245,575.503
82.5273,144.1455,280.0252,448.1138,575.4848
82.6273,144.1349,280.0553,448.1033,575.4666
82.7273,144.1243,280.0854,448.0927,575.4484
82.8273,144.1136,280.1156,448.0821,575.4303
82.9273,144.103,280.1457,448.0715,575.4123
83.0273,144.0923,280.1758,448.061,575.3942
83.1273,144.0817,280.206,448.0504,575.3762
83.2273,144.0711,280.2361,448.0399,575.3583
83.3273,144.0605,280.2662,448.0294,575.3404
83.4273,144.0498,280.2963,448.0189,575.3225
83.5273,144.0393,280.3265,448.0084,575.3046
83.6273,144.0286,280.3566,447.9978,575.2869
83.7273,144.018,280.3867,447.9874,575.2691
83.8273,144.0074,280.4168,447.9769,575.2514
83.9273,143.9968,280.4469,447.9664,575.2337
84.0273,143.9861,280.477,447.9559,575.2161
84.1273,143.9755,280.5071,447.9455,575.1984
84.2273,143.9649,280.5372,447.935,575.1809
84.3273,143.9543,280.5673,447.9246,575.1634
84.4273,143.9437,280.5973,447.9142,575.1459
84.5273,143.9331,280.6275,447.9038,575.1284
84.6273,143.9225,280.6575,447.8934,575.111
84.7273,143.9119,280.6876,447.883,575.0936
84.8273,143.9012,280.7177,447.8726,575.0763
84.9273,143.8906,280.7478,447.8622,575.059
85.0273,143.88,280.7778,447.8519,575.0417
85.1273,143.8694,280.8079,447.8415,575.0245
85.2273,143.8588,280.838,447.8312,575.0073
85.3273,143.8482,280.868,447.8208,574.9902
85.4273,143.8376,280.8981,447.8105,574.973
85.5273,143.827,280.9282,447.8002,574.956
85.6273,143.8164,280.9582,447.7899,574.9389
85.7273,143.8058,280.9883,447.7796,574.9219
85.8273,143.7951,281.0183,447.7693,574.9049
85.9273,143.7846,281.0484,447.7591,574.888
86.0273,143.7739,281.0784,447.7488,574.8711
86.1273,143.7634,281.1085,447.7386,574.8543
86.2273,143.7527,281.1385,447.7283,574.8374
86.3273,143.7422,281.1685,447.7181,574.8206
86.4273,143.7315,281.1986,447.7079,574.8039
86.5273,143.721,281.2286,447.6977,574.7872
86.6273,143.7103,281.2586,447.6875,574.7705
86.7273,143.6998,281.2886,447.6773,574.7539
86.8273,143.6892,281.3186,447.6671,574.7373
86.9273,143.6786,281.3487,447.657,574.7207
87.0273,143.668,281.3787,447.6468,574.7042
87.1273,143.6574,281.4087,447.6367,574.6876
87.2273,143.6468,281.4387,447.6265,574.6712
87.3273,143.6363,281.4687,447.6164,574.6547
87.4273,143.6257,281.4987,447.6063,574.6384
87.5273,143.6151,281.5287,447.5962,574.622
87.6273,143.6045,281.5587,447.5861,574.6057
87.7273,143.5939,281.5887,447.576,574.5894
87.8273,143.5833,281.6187,447.566,574.5732
87.9273,143.5728,281.6487,447.5559,574.557
88.0273,143.5621,281.6787,447.5458,574.5407
88.1273,143.5516,281.7087,447.5358,574.5246
88.2273,143.541,281.7387,447.5258,574.5085
88.3273,143.5304,281.7687,447.5158,574.4924
88.4273,143.5198,281.7986,447.5058,574.4764
88.5273,143.5093,281.8286,447.4958,574.4603
88.6273,143.4987,281.8586,447.4858,574.4444
88.7273,143.4881,281.8886,447.4759,574.4284
88.8273,143.4775,281.9186,447.4659,574.4125
88.9273,143.467,281.9485,447.456,574.3966
89.0273,143.4564,281.9785,447.446,574.3808
89.1273,143.4458,282.0085,447.4361,574.365
89.2273,143.4352,282.0384,447.4261,574.3492
89.3273,143.4247,282.0684,447.4162,574.3335
89.4273,143.4141,282.0984,447.4064,574.3178
89.5273,143.4035,282.1284,447.3965,574.3021
89.6273,143.393,282.1583,447.3866,574.2864
89.7273,143.3824,282.1883,447.3767,574.2708
89.8273,143.3718,282.2182,447.3669,574.2553
89.9273,143.3613,282.2482,447.3571,574.2398
90.0273,143.3507,282.2781,447.3472,574.2242
90.1273,143.3402,282.3081,447.3374,574.2088
90.2273,143.3296,282.338,447.3276,574.1933
90.3273,143.3191,282.368,447.3178,574.1779
90.4273,143.3085,282.3979,447.308,574.1625
90.5273,143.298,282.4279,447.2983,574.1472
90.6273,143.2874,282.4578,447.2885,574.1319
90.7273,143.2769,282.4877,447.2788,574.1166
90.8273,143.2663,282.5176,447.269,574.1014
90.9273,143.2557,282.5476,447.2593,574.0862
91.0273,143.2452,282.5775,447.2496,574.071
91.1273,143.2346,282.6074,447.2399,574.0559
91.2273,143.2241,282.6373,447.2302,574.0407
91.3273,143.2135,282.6673,447.2205,574.0257
91.4273,143.203,282.6972,447.2109,574.0106
91.5273,143.1924,282.7272,447.2012,573.9956
91.6273,143.1819,282.7571,447.1915,573.9806
91.7273,143.1713,282.787,447.1819,573.9657
91.8273,143.1608,282.8169,447.1723,573.9508
91.9273,143.1502,282.8468,447.1627,573.936
92.0273,143.1397,282.8767,447.153,573.9211
92.1273,143.1292,282.9066,447.1435,573.9063
92.2273,143.1186,282.9365,447.1339,573.8915
92.3273,143.1081,282.9664,447.1243,573.8768
92.4273,143.0975,282.9963,447.1148,573.8621
92.5273,143.087,283.0262,447.1052,573.8475
92.6273,143.0765,283.0561,447.0957,573.8328
92.7273,143.0659,283.086,447.0861,573.8182
92.8273,143.0554,283.1159,447.0766,573.8037
92.9273,143.0449,283.1458,447.0671,573.7891
93.0273,143.0343,283.1757,447.0576,573.7746
93.1273,143.0238,283.2056,447.0482,573.7602
93.2273,143.0133,283.2354,447.0387,573.7457
93.3273,143.0027,283.2653,447.0292,573.7313
93.4273,142.9922,283.2952,447.0198,573.7169
93.5273,142.9817,283.325,447.0103,573.7025
93.6273,142.9711,283.3549,447.0009,573.6882
93.7273,142.9606,283.3848,446.9915,573.6739
93.8273,142.9501,283.4147,446.9821,573.6597
93.9273,142.9396,283.4445,446.9727,573.6454
94.0273,142.929,283.4744,446.9633,573.6312
94.1273,142.9185,283.5042,446.9539,573.617
94.2273,142.908,283.5341,446.9445,573.6028
94.3273,142.8975,283.564,446.9352,573.5887
94.4273,142.8869,283.5938,446.9259,573.5746
94.5273,142.8764,283.6237,446.9165,573.5606
94.6273,142.8659,283.6535,446.9072,573.5465
94.7273,142.8554,283.6834,446.8979,573.5325
94.8273,142.8449,283.7132,446.8886,573.5185
94.9273,142.8343,283.7431,446.8793,573.5046
95.0273,142.8238,283.7729,446.87,573.4907
95.1273,142.8133,283.8027,446.8608,573.4768
95.2273,142.8028,283.8326,446.8515,573.4629
95.3273,142.7923,283.8624,446.8422,573.449
95.4273,142.7818,283.8922,446.833,573.4352
95.5273,142.7713,283.9221,446.8238,573.4214
95.6273,142.7607,283.9519,446.8146,573.4077
95.7273,142.7503,283.9817,446.8054,573.3939
95.8273,142.7397,284.0115,446.7962,573.3802
95.9273,142.7292,284.0413,446.787,573.3665
96.0273,142.7187,284.0712,446.7778,573.3529
96.1273,142.7082,284.101,446.7686,573.3392
96.2273,142.6977,284.1308,446.7595,573.3257
96.3273,142.6872,284.1606,446.7503,573.3121
96.4273,142.6767,284.1904,446.7412,573.2985
96.5273,142.6662,284.2202,446.7321,573.285
96.6273,142.6557,284.25,446.723,573.2715
96.7273,142.6452,284.2798,446.7138,573.2581
96.8273,142.6347,284.3096,446.7047,573.2446
96.9273,142.6242,284.3394,446.6957,573.2312
97.0273,142.6137,284.3692,446.6866,573.2178
97.1273,142.6032,284.399,446.6775,573.2045
97.2273,142.5927,284.4287,446.6685,573.1911
97.3273,142.5823,284.4588,446.6594,573.1778
97.4273,142.5717,284.4883,446.6504,573.1645
97.5273,142.5612,284.5181,446.6413,573.1513
97.6273,142.5507,284.5478,446.6323,573.1381
97.7273,142.5402,284.5776,446.6233,573.1249
97.8273,142.5298,284.6075,446.6143,573.1117
97.9273,142.5192,284.6372,446.6053,573.0986
98.0273,142.5088,284.667,446.5963,573.0854
98.1273,142.4983,284.6968,446.5874,573.0723
98.2273,142.4878,284.7265,446.5784,573.0593
98.3273,142.4773,284.7563,446.5695,573.0462
98.4273,142.4668,284.786,446.5605,573.0332
98.5273,142.4563,284.8158,446.5516,573.0202
98.6273,142.4458,284.8455,446.5427,573.0073
98.7273,142.4353,284.8753,446.5337,572.9943
98.8273,142.4249,284.9051,446.5248,572.9814
98.9273,142.4144,284.9348,446.5159,572.9685
99.0273,142.4039,284.9645,446.5071,572.9557
99.1273,142.3934,284.9942,446.4982,572.9428
99.2273,142.3829,285.024,446.4893,572.93
99.3273,142.3724,285.0537,446.4804,572.9172
99.4273,142.362,285.0835,446.4716,572.9045
99.5273,142.3515,285.1132,446.4627,572.8918
99.6273,142.341,285.1429,446.4539,572.879
99.7273,142.3305,285.1726,446.4451,572.8663
99.8273,142.32,285.2023,446.4363,572.8537
99.9273,142.3096,285.2321,446.4275,572.8411
100.0273,142.2991,285.2618,446.4187,572.8285
100.1273,142.2886,285.2915,446.4099,572.8159
100.2273,142.2782,285.3212,446.4011,572.8033
100.3273,142.2677,285.351,446.3923,572.7909
100.4273,142.2572,285.3807,446.3836,572.7783
100.5273,142.2467,285.4103,446.3748,572.7659
100.6273,142.2362,285.4401,446.3661,572.7534
100.7273,142.2257,285.4698,446.3573,572.741
100.8273,142.2153,285.4995,446.3486,572.7286
100.9273,142.2048,285.5292,446.3399,572.7163
101.0273,142.1944,285.5589,446.3312,572.7039
101.1273,142.1839,285.5885,446.3225,572.6916
101.2273,142.1734,285.6182,446.3138,572.6793
101.3273,142.163,285.6479,446.3051,572.667
101.4273,142.1525,285.6776,446.2964,572.6548
101.5273,142.1421,285.7073,446.2878,572.6426
101.6273,142.1316,285.737,446.2791,572.6304
101.7273,142.1211,285.7666,446.2705,572.6182
101.8273,142.1107,285.7963,446.2618,572.6061
101.9273,142.1002,285.8259,446.2532,572.594
102.0273,142.0897,285.8556,446.2446,572.5819
102.1273,142.0793,285.8853,446.236,572.5699
102.2273,142.0688,285.915,446.2273,572.5578
102.3273,142.0584,285.9446,446.2188,572.5458
102.4273,142.0479,285.9743,446.2102,572.5338
102.5273,142.0375,286.0039,446.2016,572.5218
102.6273,142.027,286.0336,446.193,572.5099
102.7273,142.0166,286.0632,446.1845,572.498
102.8273,142.0061,286.0929,446.1759,572.4861
102.9273,141.9956,286.1225,446.1674,572.4742
103.0273,141.9852,286.1522,446.1589,572.4624
103.1273,141.9747,286.1818,446.1503,572.4506
103.2273,141.9643,286.2115,446.1418,572.4388
103.3273,141.9538,286.2411,446.1333,572.427
103.4273,141.9434,286.2707,446.1248,572.4153
103.5273,141.9329,286.3003,446.1163,572.4036
103.6273,141.9225,286.33,446.1078,572.3919
103.7273,141.912,286.3596,446.0994,572.3803
103.8273,141.9016,286.3893,446.0909,572.3686
103.9273,141.8911,286.4189,446.0825,572.357
104.0273,141.8807,286.4484,446.074,572.3454
104.1273,141.8702,286.4781,446.0656,572.3339
104.2273,141.8598,286.5077,446.0571,572.3224
104.3273,141.8494,286.5373,446.0487,572.3109
104.4273,141.8389,286.5669,446.0403,572.2994
104.5273,141.8285,286.5965,446.0319,572.2879
104.6273,141.818,286.6261,446.0235,572.2765
104.7273,141.8076,286.6557,446.0151,572.2651
104.8273,141.7972,286.6853,446.0067,572.2537
104.9273,141.7867,286.7149,445.9984,572.2424
105.0273,141.7763,286.7445,445.99,572.231
105.1273,141.7659,286.7741,445.9816,572.2197
105.2273,141.7554,286.8037,445.9733,572.2085
105.3273,141.745,286.8332,445.965,572.1971
105.4273,141.7345,286.8628,445.9567,572.1859
105.5273,141.7241,286.8924,445.9483,572.1746
105.6273,141.7137,286.922,445.94,572.1634
105.7273,141.7032,286.9516,445.9317,572.1522
105.8273,141.6928,286.9812,445.9234,572.141
105.9273,141.6824,287.0107,445.9152,572.1299
106.0273,141.6719,287.0403,445.9069,572.1187
106.1273,141.6615,287.0698,445.8986,572.1077
106.2273,141.6511,287.0994,445.8903,572.0966
106.3273,141.6406,287.1289,445.8821,572.0855
106.4273,141.6302,287.1585,445.8739,572.0744
106.5273,141.6198,287.1881,445.8656,572.0635
106.6273,141.6094,287.2176,445.8574,572.0525
106.7273,141.5989,287.2472,445.8492,572.0416
106.8273,141.5885,287.2767,445.841,572.0306
106.9273,141.5781,287.3063,445.8328,572.0197
107.0273,141.5677,287.3358,445.8246,572.0088
107.1273,141.5573,287.3653,445.8164,571.998
107.2273,141.5469,287.3949,445.8082,571.9871
107.3273,141.5364,287.4244,445.8001,571.9763
107.4273,141.526,287.4539,445.7919,571.9655
107.5273,141.5156,287.4835,445.7838,571.9548
107.6273,141.5052,287.513,445.7757,571.944
107.7273,141.4947,287.5425,445.7675,571.9333
107.8273,141.4844,287.572,445.7594,571.9227
107.9273,141.4739,287.6016,445.7513,571.912
108.0273,141.4635,287.631,445.7432,571.9014
108.1273,141.4531,287.6606,445.7351,571.8907
108.2273,141.4427,287.6901,445.727,571.8802
108.3273,141.4323,287.7196,445.719,571.8696
108.4273,141.4218,287.7491,445.7109,571.8591
108.5273,141.4114,287.7786,445.7028,571.8486
108.6273,141.401,287.8081,445.6948,571.8381
108.7273,141.3906,287.8376,445.6867,571.8277
108.8273,141.3802,287.8671,445.6787,571.8172
108.9273,141.3698,287.8966,445.6707,571.8068
109.0273,141.3594,287.9261,445.6627,571.7964
109.1273,141.349,287.9555,445.6547,571.7861
109.2273,141.3386,287.9851,445.6467,571.7757
109.3273,141.3282,288.0146,445.6387,571.7654
109.4273,141.3178,288.044,445.6307,571.7551
109.5273,141.3074,288.0735,445.6227,571.7449
109.6273,141.297,288.103,445.6148,571.7346
109.7273,141.2866,288.1324,445.6068,571.7244
109.8273,141.2762,288.1619,445.5989,571.7141
109.9273,141.2658,288.1914,445.591,571.704
110.0273,141.2554,288.2209,445.583,571.6938
110.1273,141.245,288.2503,445.5751,571.6837
110.2273,141.2346,288.2798,445.5672,571.6736
110.3273,141.2242,288.3092,445.5593,571.6635
110.4273,141.2138,288.3386,445.5514,571.6534
110.5273,141.2034,288.3681,445.5435,571.6433
110.6273,141.193,288.3976,445.5357,571.6334
110.7273,141.1826,288.427,445.5278,571.6233
110.8273,141.1722,288.4564,445.5199,571.6134
110.9273,141.1618,288.4859,445.5121,571.6035
111.0273,141.1514,288.5153,445.5043,571.5936
111.1273,141.1411,288.5448,445.4964,571.5837
111.2273,141.1307,288.5742,445.4886,571.5738
111.3273,141.1203,288.6036,445.4808,571.5639
111.4273,141.1099,288.6331,445.473,571.5541
111.5273,141.0995,288.6625,445.4652,571.5443
111.6273,141.0891,288.6919,445.4574,571.5346
111.7273,141.0787,288.7213,445.4496,571.5248
111.8273,141.0683,288.7507,445.4419,571.5151
111.9273,141.0579,288.7801,445.4341,571.5054
112.0273,141.0476,288.8096,445.4264,571.4957
112.1273,141.0372,288.839,445.4186,571.4861
112.2273,141.0268,288.8684,445.4109,571.4764
112.3273,141.0164,288.8978,445.4032,571.4668
112.4273,141.006,288.9272,445.3954,571.4572
112.5273,140.9957,288.9566,445.3877,571.4477
112.6273,140.9853,288.986,445.38,571.4382
112.7273,140.9749,289.0154,445.3724,571.4287
112.8273,140.9645,289.0448,445.3647,571.4192
112.9273,140.9542,289.0742,445.357,571.4097
113.0273,140.9438,289.1035,445.3494,571.4003
113.1273,140.9334,289.1329,445.3417,571.3909
113.2273,140.923,289.1623,445.3341,571.3815
113.3273,140.9127,289.1917,445.3264,571.3721
113.4273,140.9023,289.2211,445.3188,571.3628
113.5273,140.8919,289.2505,445.3112,571.3535
113.6273,140.8816,289.2798,445.3036,571.3442
113.7273,140.8712,289.3092,445.296,571.335
113.8273,140.8608,289.3385,445.2884,571.3258
113.9273,140.8505,289.3679,445.2808,571.3165
114.0273,140.8401,289.3972,445.2733,571.3073
114.1273,140.8298,289.4266,445.2657,571.2981
114.2273,140.8194,289.456,445.2582,571.289
114.3273,140.809,289.4853,445.2506,571.2799
114.4273,140.7986,289.5147,445.2431,571.2708
114.5273,140.7883,289.544,445.2356,571.2617
114.6273,140.7779,289.5734,445.2281,571.2527
114.7273,140.7675,289.6027,445.2205,571.2437
114.8273,140.7572,289.6321,445.213,571.2347
114.9273,140.7468,289.6614,445.2056,571.2257
115.0273,140.7365,289.6907,445.1981,571.2168
115.1273,140.7261,289.7201,445.1906,571.2079
115.2273,140.7157,289.7494,445.1832,571.1989
115.3273,140.7054,289.7787,445.1757,571.19
115.4273,140.695,289.808,445.1683,571.1812
115.5273,140.6847,289.8374,445.1609,571.1724
115.6273,140.6743,289.8667,445.1534,571.1636
115.7273,140.664,289.896,445.146,571.1548
115.8273,140.6536,289.9253,445.1386,571.146
115.9273,140.6433,289.9546,445.1312,571.1374
116.0273,140.6329,289.9839,445.1238,571.1286
116.1273,140.6226,290.0132,445.1164,571.1199
116.2273,140.6122,290.0426,445.1091,571.1113
116.3273,140.6019,290.0719,445.1017,571.1026
116.4273,140.5915,290.1012,445.0944,571.094
116.5273,140.5812,290.1305,445.087,571.0855
116.6273,140.5709,290.1597,445.0797,571.0769
116.7273,140.5605,290.189,445.0724,571.0683
116.8273,140.5505,290.2172,445.0651,571.0598
116.9273,140.5415,290.2434,445.0578,571.0514
117.0273,140.5335,290.267,445.0505,571.043
117.1273,140.5267,290.2882,445.0432,571.0347
117.2273,140.5209,290.3071,445.0359,571.0267
117.3273,140.5161,290.3238,445.0287,571.0189
117.4273,140.5122,290.3387,445.0214,571.0114
117.5273,140.509,290.3519,445.0142,571.004
117.6273,140.5065,290.3636,445.007,570.9968
117.7273,140.5045,290.374,444.9998,570.9899
117.8273,140.503,290.3832,444.9926,570.9831
117.9273,140.5018,290.3913,444.9855,570.9765
118.0273,140.501,290.3985,444.9784,570.97
118.1273,140.5004,290.4048,444.9713,570.9636
118.2273,140.5001,290.4104,444.9644,570.9574
118.3273,140.4999,290.4154,444.9574,570.9513
118.4273,140.4999,290.4198,444.9505,570.9452
118.5273,140.5,290.4237,444.9435,570.9393
118.6273,140.5001,290.4272,444.9367,570.9334
118.7273,140.5004,290.4302,444.9299,570.9275
118.8273,140.5007,290.4329,444.9232,570.9218
118.9273,140.501,290.4353,444.9164,570.9161
119.0273,140.5014,290.4374,444.9098,570.9104
119.1273,140.5018,290.4393,444.9032,570.9048
119.2273,140.5021,290.4409,444.8966,570.8993
119.3273,140.5025,290.4423,444.8901,570.8937
119.4273,140.5029,290.4436,444.8837,570.8882
119.5273,140.5033,290.4447,444.8772,570.8827
119.6273,140.5036,290.4457,444.8708,570.8773
119.7273,140.504,290.4466,444.8645,570.8718
119.8273,140.5043,290.4474,444.8583,570.8664
119.9273,140.5046,290.4481,444.852,570.861
120.0273,140.505,290.4487,444.8459,570.8556
120.1273,140.5052,290.4492,444.8397,570.8503
120.2273,140.5055,290.4497,444.8336,570.8449
120.3273,140.5058,290.4501,444.8276,570.8396
120.4273,140.506,290.4505,444.8216,570.8343
120.5273,140.5062,290.4509,444.8156,570.829
120.6273,140.5064,290.4512,444.8097,570.8236
120.7273,140.5066,290.4514,444.8038,570.8183
120.8273,140.5068,290.4516,444.798,570.8131
120.9273,140.507,290.4518,444.7922,570.8078
121.0273,140.5071,290.452,444.7865,570.8025
121.1273,140.5073,290.4522,444.7807,570.7973
121.2273,140.5074,290.4523,444.7751,570.792
121.3273,140.5075,290.4525,444.7695,570.7868
121.4273,140.5076,290.4526,444.7639,570.7816
121.5273,140.5077,290.4527,444.7583,570.7764
121.6273,140.5078,290.4528,444.7528,570.7711
121.7273,140.5079,290.4528,444.7474,570.7659
121.8273,140.508,290.453,444.7419,570.7607
121.9273,140.5081,290.453,444.7365,570.7555
122.0273,140.5082,290.453,444.7312,570.7503
122.1273,140.5082,290.4531,444.7259,570.745
122.2273,140.5083,290.4531,444.7206,570.7399
122.3273,140.5084,290.4532,444.7153,570.7347
122.4273,140.5084,290.4532,444.7101,570.7295
122.5273,140.5087,290.4535,444.7049,570.7243
122.6273,140.5087,290.4538,444.6997,570.7191
122.7273,140.5088,290.4535,444.6946,570.714
122.8273,140.5087,290.4534,444.6895,570.7088
122.9273,140.5087,290.4534,444.6845,570.7036
123.0273,140.5087,290.4534,444.6795,570.6984
123.1273,140.5087,290.4534,444.6744,570.6933
123.2273,140.5088,290.4535,444.6695,570.6881
123.3273,140.5088,290.4535,444.6645,570.6831
123.4273,140.5088,290.4535,444.6596,570.6779
123.5273,140.5088,290.4536,444.6547,570.6727
123.6273,140.5088,290.4536,444.6499,570.6677
123.7273,140.5089,290.4536,444.645,570.6626
123.8273,140.5089,290.4536,444.6403,570.6574
123.9273,140.5089,290.4537,444.6355,570.6523
124.0273,140.5089,290.4537,444.6307,570.6472
124.1273,140.5089,290.4537,444.626,570.6422
124.2273,140.5089,290.4537,444.6213,570.6371
124.3273,140.5089,290.4537,444.6166,570.632
124.4273,140.509,290.4538,444.612,570.6269
124.5273,140.509,290.4538,444.6073,570.6218
124.6273,140.509,290.4538,444.6027,570.6168
124.7273,140.509,290.4538,444.5982,570.6117
124.8273,140.509,290.4538,444.5936,570.6067
124.9273,140.5091,290.4538,444.5891,570.6016
125.0273,140.5091,290.4538,444.5846,570.5966
125.1273,140.5091,290.4539,444.5801,570.5916
125.2273,140.5091,290.4539,444.5756,570.5865
125.3273,140.5091,290.4539,444.5712,570.5815
125.4273,140.5092,290.454,444.5667,570.5765
125.5273,140.5092,290.454,444.5623,570.5715
125.6273,140.5092,290.454,444.5579,570.5665
125.7273,140.5092,290.454,444.5536,570.5615
125.8273,140.5092,290.454,444.5492,570.5566
125.9273,140.5092,290.454,444.5449,570.5516
126.0273,140.5093,290.4541,444.5406,570.5466
126.1273,140.5093,290.4541,444.5363,570.5417
126.2273,140.5093,290.4541,444.532,570.5367
126.3273,140.5093,290.4541,444.5278,570.5318
126.4273,140.5093,290.4541,444.5235,570.5268
126.5273,140.5093,290.4541,444.5193,570.5219
126.6273,140.5093,290.4541,444.5151,570.517
126.7273,140.5094,290.4542,444.5109,570.5121
126.8273,140.5094,290.4542,444.5068,570.5071
126.9273,140.5094,290.4542,444.5026,570.5023
127.0273,140.5094,290.4543,444.4985,570.4974
127.1273,140.5094,290.4543,444.4944,570.4925
127.2273,140.5094,290.4543,444.4903,570.4876
127.3273,140.5094,290.4543,444.4862,570.4828
127.4273,140.5094,290.4543,444.4821,570.4779
127.5273,140.5095,290.4544,444.478,570.4731
127.6273,140.5095,290.4544,444.474,570.4682
127.7273,140.5095,290.4544,444.47,570.4634
127.8273,140.5095,290.4544,444.466,570.4586
127.9273,140.5095,290.4544,444.462,570.4538
128.0273,140.5095,290.4544,444.458,570.4489
128.1273,140.5096,290.4544,444.454,570.4441
128.2273,140.5096,290.4545,444.4501,570.4394
128.3273,140.5096,290.4545,444.4462,570.4346
128.4273,140.5096,290.4545,444.4422,570.4298
128.5273,140.5096,290.4545,444.4383,570.4251
128.6273,140.5097,290.4545,444.4344,570.4203
128.7273,140.5097,290.4545,444.4305,570.4156
128.8273,140.5097,290.4546,444.4267,570.4108
128.9273,140.5097,290.4546,444.4228,570.4061
129.0273,140.5097,290.4546,444.419,570.4013
129.1273,140.5098,290.4546,444.4151,570.3967
129.2273,140.5098,290.4546,444.4113,570.392
129.3273,140.5098,290.4547,444.4075,570.3872
129.4273,140.5099,290.4548,444.4038,570.3826
129.5273,140.5099,290.4548,444.4,570.3779
129.6273,140.5096,290.4545,444.3962,570.3733
129.7273,140.5099,290.4548,444.3924,570.3686
129.8273,140.5099,290.4548,444.3887,570.3639
129.9273,140.5099,290.4548,444.3849,570.3593
130.0273,140.5099,290.4548,444.3812,570.3547
130.1273,140.5099,290.4549,444.3775,570.3501
130.2273,140.5099,290.4549,444.3738,570.3455
130.3273,140.5099,290.4549,444.3701,570.3408
130.4273,140.5099,290.4549,444.3665,570.3362
130.5273,140.51,290.4549,444.3628,570.3317
130.6273,140.51,290.455,444.3591,570.3271
130.7273,140.51,290.455,444.3555,570.3225
130.8273,140.51,290.455,444.3518,570.318
130.9273,140.5101,290.455,444.3482,570.3134
131.0273,140.5101,290.455,444.3446,570.3089
131.1273,140.5101,290.4551,444.341,570.3044
131.2273,140.5102,290.4551,444.3374,570.2999
131.3273,140.5102,290.4551,444.3338,570.2953
131.4273,140.5102,290.4551,444.3302,570.2909
131.5273,140.5102,290.4551,444.3267,570.2864
131.6273,140.5102,290.4551,444.3231,570.2819
131.7273,140.5103,290.4552,444.3196,570.2774
131.8273,140.5103,290.4552,444.316,570.273
131.9273,140.5103,290.4552,444.3125,570.2686
132.0273,140.5103,290.4552,444.309,570.2641
132.1273,140.5103,290.4553,444.3055,570.2597
132.2273,140.5104,290.4553,444.302,570.2553
132.3273,140.5104,290.4553,444.2985,570.2509
132.4273,140.5104,290.4553,444.295,570.2464
132.5273,140.5104,290.4554,444.2916,570.242
132.6273,140.5104,290.4554,444.2881,570.2376
132.7273,140.5104,290.4554,444.2846,570.2333
132.8273,140.5104,290.4554,444.2812,570.2289
132.9273,140.5105,290.4554,444.2778,570.2245
133.0273,140.5105,290.4554,444.2744,570.2202
133.1273,140.5105,290.4555,444.2709,570.2159
133.2273,140.5105,290.4555,444.2675,570.2116
133.3273,140.5106,290.4555,444.2641,570.2072
133.4273,140.5106,290.4556,444.2607,570.203
133.5273,140.5106,290.4556,444.2573,570.1986
133.6273,140.5106,290.4556,444.254,570.1944
133.7273,140.5106,290.4556,444.2506,570.1901
133.8273,140.5107,290.4556,444.2472,570.1858
133.9273,140.5107,290.4557,444.2439,570.1815
134.0273,140.5107,290.4557,444.2406,570.1773
134.1273,140.5108,290.4557,444.2372,570.1731
134.2273,140.5108,290.4557,444.2339,570.1689
134.3273,140.5108,290.4557,444.2306,570.1647
134.4273,140.5108,290.4557,444.2273,570.1605
134.5273,140.5109,290.4558,444.2239,570.1562
134.6273,140.5109,290.4558,444.2206,570.152
134.7273,140.5109,290.4558,444.2174,570.1479
134.8273,140.5109,290.4558,444.2141,570.1437
134.9273,140.5109,290.4558,444.2108,570.1396
135.0273,140.511,290.4559,444.2076,570.1355
135.1273,140.511,290.4559,444.2043,570.1314
135.2273,140.511,290.4559,444.201,570.1272
135.3273,140.511,290.456,444.1978,570.1232
135.4273,140.511,290.456,444.1946,570.1191
135.5273,140.5111,290.456,444.1914,570.1149
135.6273,140.5111,290.456,444.1881,570.1109
135.7273,140.5111,290.456,444.1849,570.1069
135.8273,140.5111,290.456,444.1817,570.1028
135.9273,140.5112,290.4561,444.1785,570.0987
136.0273,140.5112,290.4561,444.1753,570.0947
136.1273,140.5112,290.4561,444.1721,570.0907
136.2273,140.5112,290.4561,444.1689,570.0867
136.3273,140.5112,290.4562,444.1658,570.0827
136.4273,140.5113,290.4562,444.1626,570.0787
136.5273,140.5113,290.4562,444.1594,570.0747
136.6273,140.5113,290.4562,444.1563,570.0708
136.7273,140.5113,290.4563,444.1532,570.0668
136.8273,140.5114,290.4563,444.15,570.0629
136.9273,140.5114,290.4563,444.1469,570.0589
137.0273,140.5114,290.4563,444.1438,570.055
137.1273,140.5114,290.4563,444.1407,570.0511
137.2273,140.5115,290.4563,444.1376,570.0472
137.3273,140.5115,290.4564,444.1345,570.0433
137.4273,140.5115,290.4564,444.1314,570.0394
137.5273,140.5115,290.4564,444.1283,570.0355
137.6273,140.5116,290.4564,444.1252,570.0316
137.7273,140.5116,290.4564,444.1221,570.0278
137.8273,140.5116,290.4565,444.1191,570.0239
137.9273,140.5116,290.4565,444.116,570.0201
138.0273,140.5117,290.4566,444.1129,570.0163
138.1273,140.5117,290.4566,444.1099,570.0124
138.2273,140.5117,290.4566,444.1068,570.0086
138.3273,140.5117,290.4566,444.1038,570.0048
138.4273,140.5118,290.4566,444.1008,570.001
138.5273,140.5118,290.4566,444.0977,569.9972
138.6273,140.5118,290.4567,444.0947,569.9935
138.7273,140.5118,290.4567,444.0917,569.9897
138.8273,140.5119,290.4567,444.0887,569.986
138.9273,140.5118,290.4567,444.0857,569.9822
139.0273,140.5119,290.4568,444.0827,569.9785
139.1273,140.5119,290.4568,444.0797,569.9748
139.2273,140.5119,290.4568,444.0767,569.971
139.3273,140.5119,290.4568,444.0738,569.9673
139.4273,140.512,290.4569,444.0708,569.9637
139.5273,140.512,290.4569,444.0679,569.9599
139.6273,140.5121,290.4569,444.0649,569.9563
139.7273,140.5121,290.4569,444.062,569.9526
139.8273,140.5121,290.4569,444.059,569.9489
139.9273,140.5121,290.4569,444.0561,569.9453
140.0273,140.5122,290.457,444.0531,569.9417
140.1273,140.5122,290.457,444.0502,569.938
140.2273,140.5122,290.4571,444.0473,569.9344
140.3273,140.5122,290.457,444.0444,569.9308
140.4273,140.5123,290.4571,444.0415,569.9272
140.5273,140.5123,290.4571,444.0386,569.9236
140.6273,140.5123,290.4571,444.0357,569.92
140.7273,140.5123,290.4571,444.0328,569.9165
140.8273,140.5124,290.4572,444.0299,569.9129
140.9273,140.5124,290.4572,444.027,569.9094
141.0273,140.5124,290.4572,444.0241,569.9059
141.1273,140.5124,290.4572,444.0213,569.9023
141.2273,140.5124,290.4572,444.0184,569.8988
141.3273,140.5124,290.4573,444.0156,569.8953
141.4273,140.5125,290.4573,444.0127,569.8918
141.5273,140.5125,290.4573,444.0099,569.8883
141.6273,140.5125,290.4574,444.007,569.8848
141.7273,140.5125,290.4574,444.0042,569.8814
141.8273,140.5126,290.4574,444.0014,569.8779
141.9273,140.5126,290.4574,443.9985,569.8745
142.0273,140.5126,290.4575,443.9957,569.871
142.1273,140.5126,290.4574,443.9929,569.8676
142.2273,140.5127,290.4575,443.9901,569.8642
142.3273,140.5127,290.4575,443.9873,569.8608
142.4273,140.5127,290.4576,443.9845,569.8574
142.5273,140.5127,290.4576,443.9817,569.854
142.6273,140.5128,290.4576,443.9789,569.8506
142.7273,140.5128,290.4576,443.9762,569.8472
142.8273,140.5128,290.4576,443.9734,569.8438
142.9273,140.5129,290.4576,443.9706,569.8405
143.0273,140.5129,290.4577,443.9679,569.8372
143.1273,140.5129,290.4577,443.9651,569.8338
143.2273,140.513,290.4577,443.9624,569.8305
143.3273,140.513,290.4577,443.9597,569.8272
143.4273,140.513,290.4578,443.9569,569.8239
143.5273,140.513,290.4577,443.9542,569.8206
143.6273,140.5131,290.4578,443.9514,569.8173
143.7273,140.5131,290.4579,443.9487,569.814
143.8273,140.5131,290.4579,443.946,569.8108
143.9273,140.5131,290.4579,443.9433,569.8075
144.0273,140.5131,290.4579,443.9406,569.8043
144.1273,140.5131,290.4579,443.9379,569.801
144.2273,140.5132,290.4579,443.9352,569.7978
144.3273,140.5132,290.458,443.9325,569.7946
144.4273,140.5132,290.458,443.9298,569.7914
144.5273,140.5132,290.458,443.9271,569.7882
144.6273,140.5133,290.4581,443.9245,569.785
144.7273,140.5133,290.4581,443.9218,569.7818
144.8273,140.5133,290.4581,443.9191,569.7787
144.9273,140.5133,290.4581,443.9165,569.7755
145.0273,140.5134,290.4582,443.9138,569.7724
145.1273,140.5134,290.4582,443.9112,569.7692
145.2273,140.5134,290.4582,443.9086,569.7661
145.3273,140.5135,290.4582,443.9059,569.763
145.4273,140.5135,290.4582,443.9033,569.7599
145.5273,140.5135,290.4583,443.9007,569.7568
145.6273,140.5135,290.4583,443.898,569.7537
145.7273,140.5136,290.4583,443.8954,569.7506
145.8273,140.5136,290.4584,443.8928,569.7475
145.9273,140.5136,290.4584,443.8902,569.7445
146.0273,140.5136,290.4584,443.8876,569.7414
146.1273,140.5136,290.4584,443.885,569.7384
146.2273,140.5137,290.4584,443.8824,569.7354
146.3273,140.5137,290.4584,443.8798,569.7323
146.4273,140.5138,290.4585,443.8773,569.7293
146.5273,140.5138,290.4585,443.8747,569.7264
146.6273,140.5138,290.4585,443.8721,569.7233
146.7273,140.5138,290.4585,443.8695,569.7203
146.8273,140.5138,290.4586,443.867,569.7174
146.9273,140.5139,290.4586,443.8644,569.7144
147.0273,140.5139,290.4586,443.8619,569.7114
147.1273,140.5139,290.4587,443.8593,569.7085
147.2273,140.5139,290.4587,443.8568,569.7056
147.3273,140.5139,290.4587,443.8542,569.7026
147.4273,140.514,290.4588,443.8517,569.6997
147.5273,140.514,290.4588,443.8492,569.6968
147.6273,140.514,290.4588,443.8467,569.6939
147.7273,140.514,290.4588,443.8442,569.691
147.8273,140.5141,290.4589,443.8417,569.6882
147.9273,140.5141,290.4589,443.8391,569.6853
148.0273,140.5141,290.4589,443.8366,569.6824
148.1273,140.5141,290.4589,443.8342,569.6796
148.2273,140.5142,290.459,443.8317,569.6767
148.3273,140.5142,290.459,443.8292,569.6739
148.4273,140.5142,290.459,443.8267,569.6711
148.5273,140.5143,290.459,443.8242,569.6682
148.6273,140.5143,290.4591,443.8218,569.6655
148.7273,140.5143,290.4591,443.8193,569.6627
148.8273,140.5143,290.4591,443.8168,569.6599
148.9273,140.5143,290.4591,443.8144,569.6571
149.0273,140.5144,290.4592,443.8119,569.6543
149.1273,140.5144,290.4592,443.8095,569.6516
149.2273,140.5144,290.4592,443.807,569.6488
149.3273,140.5145,290.4592,443.8046,569.6461
149.4273,140.5145,290.4593,443.8022,569.6434
149.5273,140.5145,290.4593,443.7997,569.6406
149.6273,140.5145,290.4593,443.7973,569.6379
149.7273,140.5145,290.4593,443.7949,569.6353
149.8273,140.5146,290.4593,443.7925,569.6326
149.9273,140.5146,290.4594,443.79,569.6299
150.0273,140.5146,290.4595,443.7876,569.6272
150.1273,140.5146,290.4595,443.7853,569.6246
150.2273,140.5147,290.4595,443.7829,569.6219
150.3273,140.5147,290.4595,443.7804,569.6193
150.4273,140.5147,290.4595,443.7781,569.6166
150.5273,140.5147,290.4595,443.7757,569.614
150.6273,140.5148,290.4596,443.7733,569.6113
150.7273,140.5148,290.4597,443.771,569.6088
150.8273,140.5148,290.4597,443.7686,569.6062
150.9273,140.5148,290.4597,443.7662,569.6036
151.0273,140.5148,290.4597,443.7639,569.601
151.1273,140.5149,290.4597,443.7615,569.5985
151.2273,140.5149,290.4597,443.7592,569.5959
151.3273,140.5149,290.4598,443.7568,569.5933
151.4273,140.515,290.4598,443.7545,569.5908
151.5273,140.515,290.4598,443.7521,569.5882
151.6273,140.515,290.4599,443.7498,569.5857
151.7273,140.515,290.4599,443.7475,569.5832
151.8273,140.5151,290.4599,443.7452,569.5807
151.9273,140.5151,290.4599,443.7428,569.5782
152.0273,140.5151,290.46,443.7405,569.5757
152.1273,140.5151,290.46,443.7382,569.5732
152.2273,140.5152,290.46,443.7359,569.5708
152.3273,140.5152,290.46,443.7337,569.5683
152.4273,140.5152,290.4601,443.7314,569.5659
152.5273,140.5152,290.4601,443.729,569.5635
152.6273,140.5152,290.4601,443.7268,569.561
152.7273,140.5153,290.4602,443.7245,569.5586
152.8273,140.5153,290.4602,443.7222,569.5562
152.9273,140.5153,290.4602,443.72,569.5538
153.0273,140.5153,290.4603,443.7177,569.5514
153.1273,140.5153,290.4603,443.7154,569.549
153.2273,140.5154,290.4603,443.7132,569.5466
153.3273,140.5154,290.4603,443.7109,569.5443
153.4273,140.5154,290.4604,443.7087,569.542
153.5273,140.5154,290.4604,443.7064,569.5396
153.6273,140.5155,290.4605,443.7042,569.5373
153.7273,140.5155,290.4605,443.702,569.5349
153.8273,140.5155,290.4605,443.6997,569.5326
153.9273,140.5155,290.4605,443.6975,569.5303
154.0273,140.5155,290.4605,443.6953,569.528
154.1273,140.5156,290.4606,443.6931,569.5258
154.2273,140.5156,290.4607,443.6908,569.5235
154.3273,140.5156,290.4607,443.6886,569.5212
154.4273,140.5157,290.4607,443.6864,569.5189
154.5273,140.5157,290.4607,443.6842,569.5167
154.6273,140.5157,290.4607,443.682,569.5144
154.7273,140.5157,290.4607,443.6798,569.5122
154.8273,140.5158,290.4608,443.6776,569.51
154.9273,140.5158,290.4608,443.6755,569.5077
155.0273,140.5158,290.4608,443.6733,569.5055
155.1273,140.5158,290.4609,443.6711,569.5033
155.2273,140.5159,290.4609,443.669,569.5011
155.3273,140.5159,290.4609,443.6668,569.499
155.4273,140.5159,290.461,443.6646,569.4968
155.5273,140.5159,290.461,443.6625,569.4946
155.6273,140.516,290.461,443.6603,569.4925
155.7273,140.516,290.461,443.6582,569.4904
155.8273,140.516,290.4611,443.656,569.4882
155.9273,140.516,290.4611,443.6539,569.4861
156.0273,140.516,290.4611,443.6518,569.4839
156.1273,140.516,290.4611,443.6496,569.4818
156.2273,140.5161,290.4612,443.6475,569.4797
156.3273,140.5161,290.4613,443.6454,569.4776
156.4273,140.5161,290.4613,443.6433,569.4756
156.5273,140.5161,290.4613,443.6412,569.4735
156.6273,140.5162,290.4613,443.6391,569.4714
156.7273,140.5162,290.4614,443.6369,569.4693
156.8273,140.5162,290.4614,443.6348,569.4673
156.9273,140.5162,290.4614,443.6327,569.4653
157.0273,140.5163,290.4615,443.6306,569.4632
157.1273,140.5163,290.4615,443.6286,569.4612
157.2273,140.5163,290.4615,443.6265,569.4592
157.3273,140.5163,290.4615,443.6244,569.4572
157.4273,140.5164,290.4616,443.6223,569.4552
157.5273,140.5164,290.4616,443.6203,569.4532
157.6273,140.5164,290.4616,443.6182,569.4512
157.7273,140.5164,290.4617,443.6161,569.4493
157.8273,140.5165,290.4617,443.6141,569.4473
157.9273,140.5165,290.4617,443.612,569.4454
158.0273,140.5165,290.4618,443.61,569.4434
158.1273,140.5165,290.4618,443.6079,569.4415
158.2273,140.5165,290.4618,443.6059,569.4396
158.3273,140.5166,290.4619,443.6038,569.4377
158.4273,140.5166,290.4619,443.6018,569.4358
158.5273,140.5166,290.4619,443.5998,569.4339
158.6273,140.5166,290.462,443.5978,569.432
158.7273,140.5166,290.462,443.5957,569.4301
158.8273,140.5166,290.462,443.5937,569.4282
158.9273,140.5166,290.462,443.5917,569.4263
159.0273,140.5167,290.4621,443.5897,569.4245
159.1273,140.5167,290.4621,443.5877,569.4226
159.2273,140.5167,290.4622,443.5857,569.4208
159.3273,140.5167,290.4622,443.5837,569.4189
159.4273,140.5168,290.4622,443.5817,569.4171
159.5273,140.5168,290.4623,443.5797,569.4154
159.6273,140.5168,290.4623,443.5777,569.4135
159.7273,140.5168,290.4623,443.5757,569.4118
159.8273,140.5169,290.4624,443.5738,569.4099
159.9273,140.5169,290.4624,443.5718,569.4082
160.0273,140.5169,290.4624,443.5698,569.4064
160.1273,140.5169,290.4625,443.5678,569.4046
160.2273,140.517,290.4625,443.5659,569.4029
160.3273,140.517,290.4625,443.5639,569.4012
160.4273,140.517,290.4625,443.562,569.3994
160.5273,140.517,290.4626,443.56,569.3977
160.6273,140.5171,290.4626,443.5581,569.396
160.7273,140.5171,290.4626,443.5561,569.3943
160.8273,140.5171,290.4627,443.5542,569.3926
160.9273,140.5171,290.4627,443.5523,569.3909
161.0273,140.5171,290.4627,443.5503,569.3892
161.1273,140.5172,290.4628,443.5484,569.3875
161.2273,140.5172,290.4628,443.5465,569.3859
161.3273,140.5172,290.4628,443.5446,569.3842
161.4273,140.5172,290.4629,443.5427,569.3825
161.5273,140.5172,290.4629,443.5408,569.3809
161.6273,140.5172,290.4629,443.5389,569.3793
161.7273,140.5173,290.4629,443.537,569.3776
161.8273,140.5173,290.463,443.5351,569.376
161.9273,140.5173,290.4631,443.5332,569.3744
162.0273,140.5173,290.4631,443.5313,569.3728
162.1273,140.5173,290.4631,443.5294,569.3712
162.2273,140.5173,290.4631,443.5275,569.3696
162.3273,140.5174,290.4632,443.5257,569.3681
162.4273,140.5174,290.4632,443.5238,569.3665
162.5273,140.5174,290.4633,443.5219,569.365
162.6273,140.5174,290.4633,443.5201,569.3634
162.7273,140.5175,290.4633,443.5182,569.3618
162.8273,140.5175,290.4634,443.5163,569.3604
162.9273,140.5175,290.4634,443.5145,569.3588
163.0273,140.5175,290.4634,443.5126,569.3573
163.1273,140.5175,290.4634,443.5108,569.3558
163.2273,140.5176,290.4635,443.5089,569.3543
163.3273,140.5176,290.4635,443.5071,569.3528
163.4273,140.5176,290.4636,443.5053,569.3513
163.5273,140.5176,290.4636,443.5035,569.3498
163.6273,140.5177,290.4636,443.5016,569.3484
163.7273,140.5177,290.4636,443.4998,569.3469
163.8273,140.5177,290.4637,443.498,569.3455
163.9273,140.5177,290.4637,443.4962,569.3441
164.0273,140.5178,290.4638,443.4944,569.3427
164.1273,140.5178,290.4638,443.4925,569.3412
164.2273,140.5178,290.4638,443.4907,569.3398
164.3273,140.5178,290.4639,443.4889,569.3384
164.4273,140.5178,290.4639,443.4871,569.337
164.5273,140.5178,290.4639,443.4853,569.3356
164.6273,140.5179,290.464,443.4836,569.3342
164.7273,140.5179,290.464,443.4818,569.3328
164.8273,140.5179,290.4641,443.48,569.3315
164.9273,140.5179,290.4641,443.4782,569.3301
165.0273,140.5179,290.4641,443.4765,569.3287
165.1273,140.5179,290.4642,443.4747,569.3275
165.2273,140.518,290.4642,443.4729,569.3261
165.3273,140.5179,290.4642,443.4712,569.3248
165.4273,140.518,290.4643,443.4694,569.3235
165.5273,140.518,290.4643,443.4676,569.3222
165.6273,140.518,290.4644,443.4659,569.3209
165.7273,140.5181,290.4644,443.4642,569.3196
165.8273,140.5181,290.4644,443.4624,569.3183
165.9273,140.5181,290.4644,443.4607,569.317
166.0273,140.5181,290.4645,443.4589,569.3157
166.1273,140.5181,290.4645,443.4572,569.3145
166.2273,140.5182,290.4646,443.4555,569.3132
166.3273,140.5182,290.4646,443.4538,569.312
166.4273,140.5182,290.4646,443.452,569.3108
166.5273,140.5182,290.4647,443.4503,569.3096
166.6273,140.5183,290.4647,443.4486,569.3083
166.7273,140.5183,290.4647,443.4469,569.3071
166.8273,140.5183,290.4648,443.4452,569.3059
166.9273,140.5183,290.4648,443.4435,569.3047
167.0273,140.5183,290.4648,443.4418,569.3035
167.1273,140.5183,290.4649,443.4401,569.3024
167.2273,140.5184,290.4649,443.4384,569.3012
167.3273,140.5184,290.465,443.4367,569.3001
167.4273,140.5184,290.465,443.4351,569.2989
167.5273,140.5184,290.4651,443.4334,569.2978
167.6273,140.5184,290.4651,443.4317,569.2966
167.7273,140.5184,290.4651,443.43,569.2955
167.8273,140.5184,290.4652,443.4283,569.2944
167.9273,140.5185,290.4652,443.4267,569.2932
168.0273,140.5185,290.4652,443.425,569.2921
168.1273,140.5185,290.4653,443.4234,569.291
168.2273,140.5185,290.4653,443.4217,569.29
168.3273,140.5185,290.4654,443.4201,569.2889
168.4273,140.5185,290.4654,443.4184,569.2878
168.5273,140.5186,290.4654,443.4168,569.2867
168.6273,140.5186,290.4655,443.4151,569.2857
168.7273,140.5186,290.4655,443.4135,569.2846
168.8273,140.5186,290.4655,443.4119,569.2836
168.9273,140.5186,290.4656,443.4102,569.2826
169.0273,140.5187,290.4656,443.4086,569.2815
169.1273,140.5186,290.4656,443.407,569.2805
169.2273,140.5187,290.4657,443.4054,569.2795
169.3273,140.5187,290.4657,443.4038,569.2785
169.4273,140.5187,290.4657,443.4022,569.2775
169.5273,140.5188,290.4658,443.4005,569.2765
169.6273,140.5188,290.4658,443.3989,569.2755
169.7273,140.5188,290.4659,443.3974,569.2746
169.8273,140.5188,290.4659,443.3958,569.2736
169.9273,140.5188,290.4659,443.3942,569.2727
170.0273,140.5189,290.466,443.3926,569.2717
170.1273,140.5189,290.466,443.391,569.2708
170.2273,140.5189,290.466,443.3894,569.2698
170.3273,140.5189,290.4661,443.3878,569.2689
170.4273,140.5189,290.4661,443.3863,569.268
170.5273,140.5189,290.4662,443.3847,569.2671
170.6273,140.5189,290.4662,443.3831,569.2662
170.7273,140.5189,290.4663,443.3816,569.2653
170.8273,140.5189,290.4663,443.38,569.2644
170.9273,140.519,290.4664,443.3784,569.2636
171.0273,140.519,290.4664,443.3769,569.2627
171.1273,140.519,290.4664,443.3753,569.2618
171.2273,140.519,290.4665,443.3738,569.261
171.3273,140.519,290.4665,443.3722,569.2601
171.4273,140.5191,290.4665,443.3707,569.2593
171.5273,140.5191,290.4666,443.3692,569.2585
171.6273,140.5191,290.4666,443.3676,569.2576
171.7273,140.5191,290.4666,443.3661,569.2568
171.8273,140.5191,290.4667,443.3646,569.256
171.9273,140.5192,290.4667,443.3631,569.2552
172.0273,140.5192,290.4667,443.3615,569.2544
172.1273,140.5192,290.4668,443.36,569.2537
172.2273,140.5192,290.4668,443.3585,569.2529
172.3273,140.5192,290.4669,443.357,569.2521
172.4273,140.5192,290.4669,443.3555,569.2514
172.5273,140.5193,290.4669,443.354,569.2506
172.6273,140.5193,290.467,443.3525,569.2498
172.7273,140.5193,290.467,443.351,569.2491
172.8273,140.5193,290.4671,443.3495,569.2484
172.9273,140.5193,290.4671,443.348,569.2476
173.0273,140.5193,290.4672,443.3466,569.247
173.1273,140.5194,290.4672,443.3451,569.2462
173.2273,140.5194,290.4673,443.3436,569.2455
173.3273,140.5194,290.4673,443.3421,569.2449
173.4273,140.5194,290.4674,443.3407,569.2442
173.5273,140.5194,290.4674,443.3392,569.2435
173.6273,140.5194,290.4674,443.3377,569.2428
173.7273,140.5194,290.4675,443.3362,569.2421
173.8273,140.5194,290.4675,443.3348,569.2415
173.9273,140.5194,290.4675,443.3334,569.2409
174.0273,140.5195,290.4676,443.3319,569.2402
174.1273,140.5195,290.4676,443.3305,569.2396
174.2273,140.5195,290.4677,443.329,569.239
174.3273,140.5195,290.4677,443.3276,569.2383
174.4273,140.5195,290.4677,443.3261,569.2377
174.5273,140.5196,290.4678,443.3247,569.2371
174.6273,140.5196,290.4678,443.3233,569.2365
174.7273,140.5196,290.4678,443.3219,569.236
174.8273,140.5196,290.4679,443.3204,569.2354
174.9273,140.5196,290.4679,443.319,569.2348
175.0273,140.5196,290.468,443.3176,569.2342
175.1273,140.5197,290.468,443.3162,569.2337
175.2273,140.5197,290.468,443.3148,569.2331
175.3273,140.5197,290.4681,443.3134,569.2326
175.4273,140.5197,290.4681,443.312,569.232
175.5273,140.5197,290.4682,443.3106,569.2315
175.6273,140.5197,290.4682,443.3092,569.231
175.7273,140.5198,290.4682,443.3078,569.2305
175.8273,140.5198,290.4683,443.3064,569.23
175.9273,140.5198,290.4683,443.305,569.2295
176.0273,140.5198,290.4684,443.3036,569.229
176.1273,140.5198,290.4684,443.3023,569.2285
176.2273,140.5198,290.4685,443.3009,569.228
176.3273,140.5198,290.4685,443.2995,569.2276
176.4273,140.5198,290.4685,443.2981,569.2272
176.5273,140.5198,290.4686,443.2968,569.2267
176.6273,140.5198,290.4686,443.2954,569.2262
176.7273,140.5199,290.4687,443.2941,569.2258
176.8273,140.5199,290.4687,443.2927,569.2254
176.9273,140.5199,290.4688,443.2914,569.2249
177.0273,140.5199,290.4688,443.29,569.2245
177.1273,140.5199,290.4688,443.2887,569.2241
177.2273,140.5199,290.4689,443.2873,569.2237
177.3273,140.52,290.4689,443.286,569.2233
177.4273,140.52,290.469,443.2846,569.223
177.5273,140.52,290.469,443.2833,569.2225
177.6273,140.52,290.469,443.282,569.2222
177.7273,140.52,290.4691,443.2807,569.2218
177.8273,140.5201,290.4691,443.2794,569.2215
177.9273,140.5201,290.4692,443.278,569.2211
178.0273,140.5201,290.4692,443.2767,569.2208
178.1273,140.5201,290.4692,443.2754,569.2204
178.2273,140.5201,290.4693,443.2741,569.2201
178.3273,140.5201,290.4693,443.2728,569.2198
178.4273,140.5202,290.4694,443.2715,569.2194
178.5273,140.5202,290.4694,443.2702,569.2192
178.6273,140.5202,290.4695,443.2689,569.2189
178.7273,140.5202,290.4695,443.2676,569.2185
178.8273,140.5202,290.4695,443.2663,569.2183
178.9273,140.5202,290.4696,443.265,569.218
179.0273,140.5202,290.4696,443.2638,569.2177
179.1273,140.5202,290.4697,443.2625,569.2175
179.2273,140.5202,290.4697,443.2612,569.2172
179.3273,140.5202,290.4698,443.2599,569.217
179.4273,140.5202,290.4698,443.2587,569.2167
179.5273,140.5203,290.4699,443.2574,569.2164
179.6273,140.5203,290.4699,443.2561,569.2162
179.7273,140.5203,290.47,443.2549,569.216
179.8273,140.5203,290.47,443.2536,569.2158
179.9273,140.5203,290.47,443.2524,569.2156
180.0273,140.5203,290.4701,443.2511,569.2154
180.1273,140.5203,290.4701,443.2499,569.2152
180.2273,140.5204,290.4702,443.2486,569.215
180.3273,140.5204,290.4702,443.2474,569.2148
180.4273,140.5204,290.4703,443.2462,569.2147
180.5273,140.5204,290.4703,443.2449,569.2145
180.6273,140.5204,290.4703,443.2437,569.2143
180.7273,140.5204,290.4704,443.2425,569.2142
180.8273,140.5204,290.4704,443.2412,569.2141
180.9273,140.5205,290.4705,443.24,569.2139
181.0273,140.5205,290.4705,443.2388,569.2138
181.1273,140.5205,290.4705,443.2376,569.2137
181.2273,140.5205,290.4706,443.2364,569.2135
181.3273,140.5205,290.4706,443.2352,569.2135
181.4273,140.5205,290.4707,443.2339,569.2133
181.5273,140.5205,290.4707,443.2328,569.2133
181.6273,140.5206,290.4708,443.2315,569.2131
181.7273,140.5206,290.4708,443.2304,569.2131
181.8273,140.5206,290.4708,443.2292,569.213
181.9273,140.5206,290.4709,443.228,569.2129
182.0273,140.5206,290.4709,443.2268,569.2128
182.1273,140.5206,290.471,443.2256,569.2128
182.2273,140.5206,290.471,443.2244,569.2128
182.3273,140.5206,290.4711,443.2233,569.2127
182.4273,140.5206,290.4711,443.2221,569.2127
182.5273,140.5206,290.4712,443.2209,569.2126
182.6273,140.5206,290.4712,443.2197,569.2126
182.7273,140.5207,290.4713,443.2186,569.2126
182.8273,140.5207,290.4713,443.2174,569.2126
182.9273,140.5207,290.4713,443.2162,569.2126
183.0273,140.5207,290.4714,443.2151,569.2126
183.1273,140.5207,290.4714,443.2139,569.2126
183.2273,140.5207,290.4715,443.2128,569.2126
183.3273,140.5207,290.4715,443.2117,569.2127
183.4273,140.5208,290.4716,443.2105,569.2127
183.5273,140.5208,290.4716,443.2094,569.2128
183.6273,140.5208,290.4716,443.2082,569.2128
183.7273,140.5208,290.4717,443.2071,569.2128
183.8273,140.5208,290.4717,443.206,569.2129
183.9273,140.5208,290.4718,443.2049,569.213
184.0273,140.5208,290.4718,443.2037,569.2131
184.1273,140.5208,290.4719,443.2026,569.2132
184.2273,140.5208,290.4719,443.2015,569.2133
184.3273,140.5208,290.4719,443.2004,569.2133
184.4273,140.5209,290.472,443.1993,569.2135
184.5273,140.5209,290.4721,443.1982,569.2136
184.6273,140.5209,290.4721,443.1971,569.2137
184.7273,140.5209,290.4721,443.196,569.2138
184.8273,140.5209,290.4722,443.1949,569.2139
184.9273,140.5209,290.4722,443.1938,569.2141
185.0273,140.5209,290.4723,443.1927,569.2142
185.1273,140.5209,290.4723,443.1916,569.2143
185.2273,140.521,290.4724,443.1905,569.2145
185.3273,140.521,290.4724,443.1894,569.2147
185.4273,140.521,290.4725,443.1883,569.2148
185.5273,140.521,290.4725,443.1873,569.215
185.6273,140.521,290.4726,443.1862,569.2152
185.7273,140.521,290.4726,443.1851,569.2154
185.8273,140.521,290.4726,443.1841,569.2156
185.9273,140.521,290.4727,443.183,569.2158
186.0273,140.521,290.4727,443.1819,569.216
186.1273,140.521,290.4728,443.1809,569.2162
186.2273,140.5211,290.4728,443.1798,569.2164
186.3273,140.5211,290.4729,443.1787,569.2166
186.4273,140.5211,290.4729,443.1777,569.2169
186.5273,140.5211,290.4729,443.1767,569.2171
186.6273,140.5211,290.473,443.1756,569.2174
186.7273,140.5211,290.4731,443.1746,569.2177
186.8273,140.5211,290.4731,443.1736,569.2179
186.9273,140.5211,290.4731,443.1725,569.2182
187.0273,140.5212,290.4732,443.1715,569.2185
187.1273,140.5212,290.4732,443.1704,569.2188
187.2273,140.5212,290.4733,443.1694,569.219
187.3273,140.5212,290.4733,443.1684,569.2193
187.4273,140.5212,290.4734,443.1674,569.2196
187.5273,140.5212,290.4734,443.1664,569.2199
187.6273,140.5212,290.4735,443.1654,569.2202
187.7273,140.5212,290.4735,443.1643,569.2206
187.8273,140.5212,290.4736,443.1634,569.2209
187.9273,140.5213,290.4736,443.1623,569.2212
188.0273,140.5213,290.4736,443.1613,569.2215
188.1273,140.5213,290.4737,443.1603,569.2219
188.2273,140.5213,290.4737,443.1593,569.2223
188.3273,140.5213,290.4738,443.1583,569.2226
188.4273,140.5213,290.4738,443.1573,569.223
188.5273,140.5213,290.4739,443.1564,569.2234
188.6273,140.5213,290.4739,443.1554,569.2237
188.7273,140.5213,290.474,443.1544,569.2241
188.8273,140.5213,290.474,443.1534,569.2245
188.9273,140.5213,290.4741,443.1525,569.2249
189.0273,140.5213,290.4741,443.1515,569.2253
189.1273,140.5214,290.4742,443.1505,569.2257
189.2273,140.5214,290.4742,443.1495,569.2261
189.3273,140.5214,290.4742,443.1486,569.2265
189.4273,140.5214,290.4743,443.1476,569.227
189.5273,140.5214,290.4744,443.1467,569.2274
189.6273,140.5214,290.4744,443.1457,569.2278
189.7273,140.5214,290.4744,443.1448,569.2283
189.8273,140.5215,290.4745,443.1438,569.2287
189.9273,140.5215,290.4745,443.1429,569.2292
190.0273,140.5215,290.4746,443.1419,569.2297
190.1273,140.5215,290.4746,443.141,569.2301
190.2273,140.5215,290.4747,443.1401,569.2306
190.3273,140.5215,290.4747,443.1391,569.2311
190.4273,140.5215,290.4748,443.1382,569.2316
190.5273,140.5215,290.4748,443.1373,569.2321
190.6273,140.5215,290.4749,443.1363,569.2326
190.7273,140.5215,290.4749,443.1354,569.2331
190.8273,140.5216,290.4749,443.1345,569.2336
190.9273,140.5215,290.475,443.1336,569.2341
191.0273,140.5216,290.475,443.1327,569.2346
191.1273,140.5216,290.4751,443.1317,569.2352
191.2273,140.5216,290.4751,443.1309,569.2357
191.3273,140.5216,290.4752,443.13,569.2362
191.4273,140.5216,290.4752,443.129,569.2368
191.5273,140.5216,290.4753,443.1282,569.2374
191.6273,140.5216,290.4753,443.1272,569.2379
191.7273,140.5216,290.4754,443.1264,569.2385
191.8273,140.5216,290.4754,443.1255,569.2391
191.9273,140.5216,290.4755,443.1246,569.2397
192.0273,140.5216,290.4755,443.1237,569.2402
192.1273,140.5217,290.4756,443.1228,569.2409
192.2273,140.5217,290.4756,443.1219,569.2415
192.3273,140.5217,290.4757,443.1211,569.2421
192.4273,140.5217,290.4757,443.1202,569.2427
192.5273,140.5217,290.4757,443.1193,569.2433
192.6273,140.5217,290.4758,443.1185,569.2439
192.7273,140.5217,290.4758,443.1176,569.2446
192.8273,140.5217,290.4759,443.1167,569.2452
192.9273,140.5217,290.4759,443.1159,569.2458
193.0273,140.5218,290.476,443.115,569.2465
193.1273,140.5217,290.476,443.1141,569.2472
193.2273,140.5218,290.4761,443.1133,569.2478
193.3273,140.5218,290.4761,443.1125,569.2485
193.4273,140.5218,290.4762,443.1116,569.2491
193.5273,140.5218,290.4762,443.1108,569.2498
193.6273,140.5218,290.4763,443.1099,569.2505
193.7273,140.5218,290.4763,443.1091,569.2512
193.8273,140.5218,290.4764,443.1083,569.2519
193.9273,140.5218,290.4764,443.1074,569.2526
194.0273,140.5219,290.4765,443.1066,569.2533
194.1273,140.5218,290.4765,443.1058,569.254
194.2273,140.5219,290.4766,443.105,569.2548
194.3273,140.5219,290.4766,443.1041,569.2554
194.4273,140.5219,290.4767,443.1033,569.2562
194.5273,140.5219,290.4767,443.1025,569.2569
194.6273,140.5219,290.4768,443.1017,569.2577
194.7273,140.5219,290.4768,443.1009,569.2584
194.8273,140.5219,290.4769,443.1001,569.2592
194.9273,140.5219,290.4769,443.0993,569.26
195.0273,140.5219,290.477,443.0985,569.2607
195.1273,140.5219,290.477,443.0977,569.2615
195.2273,140.5219,290.477,443.0969,569.2623
195.3273,140.5219,290.4771,443.0961,569.263
195.4273,140.522,290.4772,443.0953,569.2638
195.5273,140.5219,290.4772,443.0946,569.2647
195.6273,140.522,290.4772,443.0938,569.2655
195.7273,140.522,290.4773,443.093,569.2663
195.8273,140.522,290.4773,443.0922,569.2671
195.9273,140.522,290.4774,443.0914,569.2679
196.0273,140.522,290.4774,443.0907,569.2687
196.1273,140.522,290.4775,443.0899,569.2695
196.2273,140.522,290.4775,443.0891,569.2704
196.3273,140.522,290.4776,443.0884,569.2712
196.4273,140.522,290.4776,443.0876,569.2721
196.5273,140.522,290.4776,443.0869,569.2729
196.6273,140.522,290.4777,443.0861,569.2738
196.7273,140.522,290.4778,443.0853,569.2746
196.8273,140.522,290.4778,443.0846,569.2755
196.9273,140.522,290.4778,443.0838,569.2764
197.0273,140.522,290.4779,443.0831,569.2773
197.1273,140.522,290.4779,443.0823,569.2782
197.2273,140.5221,290.478,443.0816,569.279
197.3273,140.522,290.478,443.0809,569.28
197.4273,140.5221,290.4781,443.0801,569.2809
197.5273,140.522,290.4781,443.0794,569.2818
197.6273,140.5221,290.4782,443.0787,569.2827
197.7273,140.522,290.4782,443.078,569.2837
197.8273,140.5221,290.4783,443.0773,569.2845
197.9273,140.522,290.4783,443.0765,569.2855
198.0273,140.5221,290.4784,443.0758,569.2864
198.1273,140.522,290.4784,443.0751,569.2874
198.2273,140.5221,290.4785,443.0744,569.2883
198.3273,140.522,290.4785,443.0737,569.2893
198.4273,140.5221,290.4786,443.073,569.2902
198.5273,140.522,290.4786,443.0723,569.2912
198.6273,140.5221,290.4787,443.0716,569.2922
198.7273,140.5221,290.4787,443.0709,569.2931
198.8273,140.5221,290.4788,443.0702,569.2942
198.9273,140.5221,290.4788,443.0695,569.2951
199.0273,140.5221,290.4789,443.0688,569.2961
199.1273,140.5221,290.4789,443.0681,569.2971
199.2273,140.5221,290.479,443.0674,569.2982
199.3273,140.5221,290.479,443.0667,569.2992
199.4273,140.5221,290.4791,443.0661,569.3002
199.5273,140.5221,290.4791,443.0654,569.3012
199.6273,140.5221,290.4792,443.0647,569.3022
199.7273,140.5221,290.4792,443.064,569.3032
199.8273,140.5221,290.4793,443.0634,569.3043
199.9273,140.5221,290.4793,443.0627,569.3054
200.0273,140.5221,290.4794,443.062,569.3064
200.1273,140.5221,290.4794,443.0614,569.3075
200.2273,140.5221,290.4795,443.0607,569.3085
200.3273,140.5221,290.4795,443.0601,569.3096
200.4273,140.5221,290.4796,443.0594,569.3106
200.5273,140.5221,290.4796,443.0588,569.3117
200.6273,140.5221,290.4797,443.0581,569.3128
200.7273,140.5221,290.4797,443.0575,569.3139
200.8273,140.5221,290.4798,443.0568,569.315
200.9273,140.5221,290.4798,443.0562,569.3161
201.0273,140.5221,290.4799,443.0556,569.3172
201.1273,140.5221,290.4799,443.0549,569.3183
201.2273,140.5221,290.48,443.0543,569.3194
201.3273,140.5221,290.48,443.0537,569.3205
201.4273,140.5221,290.4801,443.053,569.3217
201.5273,140.5221,290.4801,443.0524,569.3228
201.6273,140.5221,290.4802,443.0518,569.3239
201.7273,140.5221,290.4802,443.0512,569.3251
201.8273,140.5221,290.4803,443.0505,569.3262
201.9273,140.5221,290.4803,443.0499,569.3274
202.0273,140.5221,290.4804,443.0493,569.3285
202.1273,140.5221,290.4804,443.0487,569.3297
202.2273,140.5221,290.4804,443.0481,569.3309
202.3273,140.5221,290.4805,443.0475,569.3321
202.4273,140.5221,290.4806,443.0469,569.3332
202.5273,140.5221,290.4806,443.0463,569.3344
202.6273,140.5221,290.4806,443.0457,569.3356
202.7273,140.5221,290.4807,443.0451,569.3368
202.8273,140.5221,290.4807,443.0445,569.338
202.9273,140.5221,290.4808,443.044,569.3392
203.0273,140.5221,290.4808,443.0433,569.3404
203.1273,140.5221,290.4809,443.0428,569.3416
203.2273,140.5221,290.4809,443.0422,569.3429
203.3273,140.5221,290.481,443.0416,569.3441
203.4273,140.5221,290.4811,443.041,569.3453
203.5273,140.5221,290.4811,443.0405,569.3466
203.6273,140.5221,290.4811,443.0399,569.3478
203.7273,140.5221,290.4812,443.0393,569.349
203.8273,140.5221,290.4812,443.0388,569.3503
203.9273,140.5221,290.4813,443.0382,569.3515
204.0273,140.5221,290.4814,443.0377,569.3528
204.1273,140.5221,290.4814,443.0371,569.3541
204.2273,140.5221,290.4815,443.0365,569.3554
204.3273,140.5221,290.4815,443.036,569.3566
204.4273,140.5221,290.4816,443.0354,569.3579
204.5273,140.5221,290.4816,443.0349,569.3592
204.6273,140.5221,290.4817,443.0344,569.3605
204.7273,140.5221,290.4817,443.0338,569.3618
204.8273,140.5221,290.4817,443.0333,569.3631
204.9273,140.5221,290.4818,443.0327,569.3644
205.0273,140.5221,290.4818,443.0322,569.3658
205.1273,140.5221,290.4819,443.0317,569.3671
205.2273,140.5221,290.4819,443.0311,569.3684
205.3273,140.5221,290.482,443.0306,569.3697
205.4273,140.5221,290.482,443.0301,569.3711
205.5273,140.5221,290.4821,443.0296,569.3724
205.6273,140.5221,290.4821,443.0291,569.3738
205.7273,140.5221,290.4822,443.0286,569.3751
205.8273,140.5221,290.4822,443.0281,569.3765
205.9273,140.5221,290.4823,443.0275,569.3778
206.0273,140.5221,290.4823,443.027,569.3792
206.1273,140.522,290.4824,443.0265,569.3806
206.2273,140.5221,290.4824,443.026,569.3819
206.3273,140.522,290.4825,443.0255,569.3833
206.4273,140.522,290.4825,443.025,569.3847
206.5273,140.522,290.4826,443.0245,569.3861
206.6273,140.522,290.4826,443.024,569.3875
206.7273,140.522,290.4827,443.0235,569.3889
206.8273,140.522,290.4827,443.023,569.3903
206.9273,140.522,290.4828,443.0226,569.3918
207.0273,140.522,290.4829,443.0221,569.3932
207.1273,140.522,290.4829,443.0216,569.3946
207.2273,140.522,290.4829,443.0211,569.396
207.3273,140.522,290.483,443.0207,569.3974
207.4273,140.522,290.483,443.0202,569.3989
207.5273,140.522,290.4831,443.0197,569.4003
207.6273,140.522,290.4831,443.0192,569.4018
207.7273,140.522,290.4832,443.0188,569.4032
207.8273,140.522,290.4832,443.0183,569.4047
207.9273,140.522,290.4833,443.0178,569.4061
208.0273,140.522,290.4833,443.0174,569.4076
208.1273,140.522,290.4834,443.017,569.4091
208.2273,140.522,290.4834,443.0165,569.4105
208.3273,140.522,290.4835,443.0161,569.412
208.4273,140.522,290.4835,443.0156,569.4135
208.5273,140.522,290.4836,443.0152,569.415
208.6273,140.522,290.4836,443.0147,569.4165
208.7273,140.522,290.4837,443.0143,569.418
208.8273,140.522,290.4837,443.0138,569.4196
208.9273,140.5219,290.4838,443.0134,569.421
209.0273,140.522,290.4839,443.013,569.4225
209.1273,140.5219,290.4839,443.0126,569.4241
209.2273,140.5219,290.4839,443.0121,569.4256
209.3273,140.5219,290.484,443.0117,569.4272
209.4273,140.5219,290.484,443.0113,569.4286
209.5273,140.5219,290.4841,443.0109,569.4302
209.6273,140.5219,290.4842,443.0105,569.4318
209.7273,140.5219,290.4842,443.01,569.4333
209.8273,140.5219,290.4842,443.0096,569.4349
209.9273,140.5219,290.4843,443.0092,569.4364
210.0273,140.5219,290.4843,443.0088,569.438
210.1273,140.5218,290.4844,443.0084,569.4396
210.2273,140.5219,290.4845,443.008,569.4411
210.3273,140.5218,290.4845,443.0076,569.4427
210.4273,140.5219,290.4846,443.0072,569.4443
210.5273,140.5218,290.4846,443.0068,569.4459
210.6273,140.5218,290.4847,443.0064,569.4475
210.7273,140.5218,290.4847,443.006,569.4491
210.8273,140.5218,290.4848,443.0056,569.4507
210.9273,140.5218,290.4848,443.0053,569.4523
211.0273,140.5218,290.4848,443.0049,569.4539
211.1273,140.5218,290.4849,443.0045,569.4555
211.2273,140.5218,290.485,443.0041,569.4571
211.3273,140.5218,290.485,443.0037,569.4588
211.4273,140.5218,290.485,443.0034,569.4604
211.5273,140.5218,290.4851,443.003,569.462
211.6273,140.5218,290.4852,443.0026,569.4636
211.7273,140.5218,290.4852,443.0023,569.4653
211.8273,140.5218,290.4853,443.0019,569.467
211.9273,140.5218,290.4853,443.0015,569.4686
212.0273,140.5218,290.4853,443.0012,569.4703
212.1273,140.5217,290.4854,443.0008,569.4719
212.2273,140.5218,290.4855,443.0005,569.4736
212.3273,140.5217,290.4855,443.0001,569.4753
212.4273,140.5218,290.4856,442.9998,569.4769
212.5273,140.5217,290.4856,442.9994,569.4786
212.6273,140.5217,290.4857,442.9991,569.4803
212.7273,140.5217,290.4857,442.9988,569.482
212.8273,140.5217,290.4858,442.9984,569.4837
212.9273,140.5217,290.4858,442.9981,569.4854
213.0273,140.5217,290.4859,442.9978,569.4871
213.1273,140.5217,290.4859,442.9974,569.4888
213.2273,140.5217,290.486,442.9971,569.4906
213.3273,140.5216,290.486,442.9968,569.4923
213.4273,140.5217,290.4861,442.9965,569.494
213.5273,140.5216,290.4861,442.9961,569.4957
213.6273,140.5217,290.4862,442.9958,569.4974
213.7273,140.5216,290.4862,442.9955,569.4992
213.8273,140.5217,290.4863,442.9952,569.5009
213.9273,140.5216,290.4863,442.9949,569.5026
214.0273,140.5217,290.4864,442.9946,569.5044
214.1273,140.5216,290.4864,442.9943,569.5062
214.2273,140.5216,290.4865,442.994,569.5079
214.3273,140.5216,290.4865,442.9937,569.5097
214.4273,140.5216,290.4866,442.9934,569.5114
214.5273,140.5216,290.4866,442.9931,569.5132
214.6273,140.5216,290.4867,442.9928,569.515
214.7273,140.5216,290.4867,442.9925,569.5167
214.8273,140.5216,290.4868,442.9922,569.5186
214.9273,140.5216,290.4868,442.9919,569.5203
215.0273,140.5216,290.4869,442.9916,569.5222
215.1273,140.5215,290.4869,442.9914,569.5239
215.2273,140.5216,290.487,442.9911,569.5258
215.3273,140.5215,290.487,442.9908,569.5275
215.4273,140.5216,290.4871,442.9905,569.5294
215.5273,140.5215,290.4871,442.9902,569.5312
215.6273,140.5215,290.4872,442.99,569.5329
215.7273,140.5215,290.4873,442.9897,569.5348
215.8273,140.5215,290.4873,442.9895,569.5366
215.9273,140.5215,290.4874,442.9892,569.5384
216.0273,140.5215,290.4874,442.9889,569.5403
216.1273,140.5215,290.4874,442.9887,569.5421
216.2273,140.5215,290.4875,442.9884,569.544
216.3273,140.5215,290.4876,442.9882,569.5458
216.4273,140.5215,290.4876,442.9879,569.5477
216.5273,140.5214,290.4876,442.9877,569.5495
216.6273,140.5215,290.4878,442.9874,569.5514
216.7273,140.5214,290.4878,442.9872,569.5532
216.8273,140.5215,290.4878,442.987,569.5551
216.9273,140.5214,290.4878,442.9867,569.557
217.0273,140.5214,290.4879,442.9865,569.5589
217.1273,140.5214,290.4879,442.9862,569.5608
217.2273,140.5214,290.488,442.986,569.5626
217.3273,140.5214,290.4881,442.9858,569.5645
217.4273,140.5214,290.4882,442.9855,569.5664
217.5273,140.5214,290.4882,442.9853,569.5683
217.6273,140.5214,290.4883,442.9851,569.5702
217.7273,140.5214,290.4883,442.9849,569.5721
217.8273,140.5214,290.4883,442.9847,569.574
217.9273,140.5214,290.4884,442.9844,569.5759
218.0273,140.5215,290.4885,442.9842,569.5778
218.1273,140.5214,290.4885,442.984,569.5798
218.2273,140.5214,290.4886,442.9838,569.5817
218.3273,140.5213,290.4886,442.9836,569.5836
218.4273,140.5213,290.4887,442.9834,569.5856
218.5273,140.5213,290.4887,442.9832,569.5875
218.6273,140.5213,290.4888,442.983,569.5894
218.7273,140.5213,290.4888,442.9828,569.5914
218.8273,140.5213,290.4889,442.9826,569.5934
218.9273,140.5213,290.4889,442.9824,569.5953
219.0273,140.5213,290.489,442.9822,569.5972
219.1273,140.5212,290.489,442.982,569.5992
219.2273,140.5213,290.4891,442.9819,569.6012
219.3273,140.5212,290.4891,442.9817,569.6031
219.4273,140.5213,290.4892,442.9815,569.6051
219.5273,140.5212,290.4892,442.9813,569.6071
219.6273,140.5212,290.4893,442.9812,569.6091
219.7273,140.5212,290.4893,442.981,569.6111
219.8273,140.5212,290.4894,442.9808,569.613
219.9273,140.5212,290.4894,442.9807,569.6151
220.0273,140.5212,290.4895,442.9805,569.617
220.1273,140.5212,290.4895,442.9803,569.6191
220.2273,140.5212,290.4896,442.9801,569.621
220.3273,140.5212,290.4896,442.98,569.6231
220.4273,140.5212,290.4897,442.9798,569.625
220.5273,140.5212,290.4897,442.9797,569.6271
220.6273,140.5212,290.4898,442.9795,569.6291
220.7273,140.5212,290.4898,442.9794,569.6311
220.8273,140.5212,290.4899,442.9792,569.6332
220.9273,140.5212,290.4899,442.9791,569.6352
221.0273,140.5212,290.49,442.9789,569.6372
221.1273,140.5211,290.49,442.9788,569.6393
221.2273,140.5212,290.4901,442.9787,569.6413
221.3273,140.5211,290.4901,442.9785,569.6434
221.4273,140.5211,290.4902,442.9784,569.6454
221.5273,140.5211,290.4902,442.9782,569.6475
221.6273,140.5211,290.4903,442.9781,569.6495
221.7273,140.5211,290.4903,442.978,569.6516
221.8273,140.5211,290.4904,442.9779,569.6537
221.9273,140.5211,290.4904,442.9777,569.6557
222.0273,140.5211,290.4905,442.9776,569.6578
222.1273,140.521,290.4906,442.9775,569.6598
222.2273,140.5211,290.4906,442.9774,569.6619
222.3273,140.521,290.4907,442.9773,569.664
222.4273,140.5211,290.4908,442.9772,569.6661
222.5273,140.5211,290.4908,442.977,569.6682
222.6273,140.521,290.4909,442.9769,569.6703
222.7273,140.5213,290.4909,442.9768,569.6724
222.8273,140.521,290.491,442.9767,569.6745
222.9273,140.521,290.491,442.9766,569.6766
223.0273,140.5211,290.4911,442.9765,569.6787
223.1273,140.521,290.4911,442.9764,569.6808
223.2273,140.521,290.4912,442.9763,569.683
223.3273,140.521,290.4912,442.9762,569.6851
223.4273,140.521,290.4912,442.9761,569.6872
223.5273,140.5209,290.4912,442.976,569.6893
223.6273,140.521,290.4914,442.9759,569.6914
223.7273,140.521,290.4914,442.9759,569.6935
223.8273,140.521,290.4914,442.9758,569.6957
223.9273,140.5209,290.4915,442.9757,569.6978
224.0273,140.521,290.4915,442.9756,569.7
224.1273,140.5209,290.4915,442.9756,569.7021
224.2273,140.5209,290.4916,442.9755,569.7043
224.3273,140.5209,290.4917,442.9754,569.7064
224.4273,140.521,290.4918,442.9753,569.7086
224.5273,140.5209,290.4918,442.9753,569.7108
224.6273,140.5209,290.4919,442.9752,569.7129
224.7273,140.5209,290.4919,442.9751,569.7151
224.8273,140.5209,290.492,442.9751,569.7173
224.9273,140.5208,290.492,442.975,569.7194
225.0273,140.5209,290.4921,442.975,569.7216
225.1273,140.5209,290.4921,442.9749,569.7238
225.2273,140.5209,290.4922,442.9749,569.726
225.3273,140.5208,290.4922,442.9748,569.7282
225.4273,140.5209,290.4922,442.9748,569.7304
225.5273,140.5208,290.4923,442.9747,569.7325
225.6273,140.5208,290.4924,442.9747,569.7348
225.7273,140.5208,290.4924,442.9746,569.7369
225.8273,140.5209,290.4925,442.9746,569.7392
225.9273,140.5208,290.4925,442.9745,569.7413
226.0273,140.5208,290.4925,442.9745,569.7436
226.1273,140.5208,290.4926,442.9744,569.7458
226.2273,140.5208,290.4926,442.9744,569.748
226.3273,140.5208,290.4927,442.9744,569.7502
226.4273,140.5208,290.4927,442.9744,569.7525
226.5273,140.5208,290.4928,442.9743,569.7547
226.6273,140.5208,290.4928,442.9743,569.7569
226.7273,140.5208,290.4928,442.9743,569.7592
226.8273,140.5208,290.4929,442.9743,569.7614
226.9273,140.5208,290.493,442.9743,569.7637
227.0273,140.5208,290.493,442.9742,569.7659
227.1273,140.5208,290.4931,442.9742,569.7681
227.2273,140.5208,290.4931,442.9742,569.7704
227.3273,140.5207,290.4932,442.9742,569.7727
227.4273,140.5208,290.4932,442.9742,569.7749
227.5273,140.5207,290.4933,442.9742,569.7772
227.6273,140.5207,290.4933,442.9742,569.7795
227.7273,140.5207,290.4934,442.9742,569.7817
227.8273,140.5207,290.4934,442.9742,569.784
227.9273,140.5207,290.4935,442.9742,569.7862
228.0273,140.5207,290.4935,442.9742,569.7885
228.1273,140.5207,290.4936,442.9742,569.7909
228.2273,140.5207,290.4937,442.9742,569.7931
228.3273,140.5207,290.4937,442.9742,569.7954
228.4273,140.5207,290.4937,442.9742,569.7977
228.5273,140.5207,290.4938,442.9742,569.8
228.6273,140.5207,290.4938,442.9743,569.8023
228.7273,140.5207,290.4939,442.9743,569.8046
228.8273,140.5207,290.4939,442.9743,569.8069
228.9273,140.5206,290.494,442.9743,569.8092
229.0273,140.5207,290.494,442.9743,569.8115
229.1273,140.5206,290.494,442.9744,569.8138
229.2273,140.5207,290.4941,442.9744,569.8161
229.3273,140.5207,290.4941,442.9744,569.8185
229.4273,140.5207,290.4942,442.9745,569.8208
229.5273,140.5206,290.4942,442.9745,569.8231
229.6273,140.5207,290.4943,442.9745,569.8254
229.7273,140.5206,290.4943,442.9746,569.8278
229.8273,140.5206,290.4944,442.9746,569.8301
229.9273,140.5206,290.4944,442.9747,569.8325
230.0273,140.5207,290.4945,442.9747,569.8348
230.1273,140.5206,290.4945,442.9748,569.8372
230.2273,140.5206,290.4946,442.9748,569.8395
230.3273,140.5206,290.4946,442.9749,569.8419
230.4273,140.5206,290.4947,442.9749,569.8442
230.5273,140.5206,290.4947,442.975,569.8466
230.6273,140.5206,290.4948,442.975,569.8489
230.7273,140.5206,290.4948,442.9751,569.8513
230.8273,140.5206,290.4949,442.9751,569.8537
230.9273,140.5206,290.495,442.9752,569.856
231.0273,140.5206,290.495,442.9753,569.8584
231.1273,140.5206,290.495,442.9753,569.8608
231.2273,140.5206,290.4951,442.9754,569.8631
231.3273,140.5206,290.4951,442.9755,569.8656
231.4273,140.5206,290.4952,442.9755,569.868
231.5273,140.5205,290.4952,442.9756,569.8703
231.6273,140.5206,290.4953,442.9757,569.8727
231.7273,140.5205,290.4953,442.9758,569.8751
231.8273,140.5206,290.4954,442.9758,569.8775
231.9273,140.5205,290.4954,442.9759,569.8799
232.0273,140.5206,290.4955,442.976,569.8823
232.1273,140.5206,290.4955,442.9761,569.8847
232.2273,140.5206,290.4956,442.9762,569.8872
232.3273,140.5205,290.4956,442.9763,569.8895
232.4273,140.5206,290.4957,442.9763,569.892
232.5273,140.5205,290.4957,442.9764,569.8944
232.6273,140.5205,290.4958,442.9765,569.8968
232.7273,140.5205,290.4958,442.9767,569.8992
232.8273,140.5206,290.4959,442.9768,569.9017
232.9273,140.5205,290.4959,442.9769,569.9041
233.0273,140.5205,290.4959,442.977,569.9065
233.1273,140.5205,290.496,442.9771,569.909
233.2273,140.5205,290.4961,442.9772,569.9114
233.3273,140.5205,290.4961,442.9773,569.9139
233.4273,140.5205,290.4961,442.9774,569.9163
233.5273,140.5205,290.4962,442.9775,569.9188
233.6273,140.5205,290.4963,442.9776,569.9212
233.7273,140.5205,290.4963,442.9777,569.9236
233.8273,140.5205,290.4963,442.9778,569.9261
233.9273,140.5205,290.4964,442.978,569.9286
234.0273,140.5205,290.4964,442.9781,569.931
234.1273,140.5205,290.4965,442.9782,569.9335
234.2273,140.5205,290.4966,442.9783,569.936
234.3273,140.5205,290.4966,442.9784,569.9385
234.4273,140.5205,290.4966,442.9786,569.9409
234.5273,140.5205,290.4967,442.9787,569.9434
234.6273,140.5205,290.4967,442.9789,569.9459
234.7273,140.5204,290.4968,442.979,569.9484
234.8273,140.5205,290.4968,442.9791,569.9509
234.9273,140.5205,290.4969,442.9793,569.9533
235.0273,140.5205,290.4969,442.9794,569.9559
235.1273,140.5205,290.4969,442.9795,569.9584
235.2273,140.5205,290.497,442.9797,569.9609
235.3273,140.5205,290.497,442.9798,569.9634
235.4273,140.5205,290.4971,442.98,569.9659
235.5273,140.5205,290.4971,442.9801,569.9684
235.6273,140.5205,290.4972,442.9803,569.9709
235.7273,140.5205,290.4972,442.9804,569.9734
235.8273,140.5205,290.4973,442.9806,569.9759
235.9273,140.5205,290.4973,442.9808,569.9784
236.0273,140.5205,290.4974,442.9809,569.9809
236.1273,140.5205,290.4974,442.9811,569.9835
236.2273,140.5205,290.4976,442.9812,569.986
236.3273,140.5204,290.4975,442.9814,569.9885
236.4273,140.5204,290.4975,442.9816,569.991
236.5273,140.5204,290.4976,442.9817,569.9936
236.6273,140.5204,290.4976,442.9819,569.9961
236.7273,140.5204,290.4977,442.9821,569.9986
236.8273,140.5204,290.4978,442.9822,570.0012
236.9273,140.5205,290.4979,442.9824,570.0037
237.0273,140.5204,290.4979,442.9826,570.0063
237.1273,140.5205,290.4979,442.9828,570.0088
237.2273,140.5204,290.498,442.983,570.0114
237.3273,140.5204,290.498,442.9831,570.0139
237.4273,140.5204,290.4981,442.9833,570.0165
237.5273,140.5205,290.4981,442.9835,570.0191
237.6273,140.5204,290.4981,442.9837,570.0216
237.7273,140.5205,290.4982,442.9839,570.0241
237.8273,140.5204,290.4982,442.9841,570.0267
237.9273,140.5205,290.4983,442.9842,570.0293
238.0273,140.5204,290.4983,442.9844,570.0318
238.1273,140.5204,290.4984,442.9847,570.0344
238.2273,140.5205,290.4984,442.9849,570.037
238.3273,140.5205,290.4985,442.9851,570.0395
238.4273,140.5205,290.4985,442.9853,570.0421
238.5273,140.5205,290.4986,442.9855,570.0447
238.6273,140.5205,290.4986,442.9857,570.0473
238.7273,140.5205,290.4986,442.9859,570.0498
238.8273,140.5205,290.4987,442.9861,570.0525
238.9273,140.5205,290.4988,442.9863,570.0551
239.0273,140.5205,290.4988,442.9865,570.0576
239.1273,140.5205,290.4989,442.9867,570.0602
239.2273,140.5205,290.4989,442.9869,570.0628
239.3273,140.5205,290.4989,442.9871,570.0654
239.4273,140.5205,290.499,442.9874,570.068
239.5273,140.5205,290.499,442.9876,570.0707
239.6273,140.5205,290.4991,442.9878,570.0732
239.7273,140.5205,290.4991,442.988,570.0758
239.8273,140.5205,290.4992,442.9882,570.0785
239.9273,140.5205,290.4992,442.9885,570.081
240.0273,140.5205,290.4993,442.9887,570.0837
240.1273,140.5205,290.4993,442.9889,570.0863
240.2273,140.5205,290.4994,442.9892,570.0889
240.3273,140.5205,290.4994,442.9894,570.0916
240.4273,140.5205,290.4995,442.9896,570.0942
240.5273,140.5205,290.4995,442.9899,570.0968
240.6273,140.5205,290.4995,442.9901,570.0994
240.7273,140.5205,290.4996,442.9903,570.1021
240.8273,140.5205,290.4996,442.9906,570.1047
240.9273,140.5205,290.4997,442.9909,570.1074
241.0273,140.5205,290.4997,442.9911,570.1099
241.1273,140.5205,290.4998,442.9913,570.1126
241.2273,140.5205,290.4998,442.9916,570.1152
241.3273,140.5205,290.4999,442.9918,570.1179
241.4273,140.5205,290.4999,442.9921,570.1205
241.5273,140.5205,290.4999,442.9924,570.1232
241.6273,140.5205,290.5,442.9926,570.1258
241.7273,140.5206,290.5001,442.9929,570.1285
241.8273,140.5205,290.5001,442.9931,570.1312
241.9273,140.5205,290.5001,442.9934,570.1338
242.0273,140.5205,290.5002,442.9936,570.1364
242.1273,140.5205,290.5002,442.9939,570.1391
242.2273,140.5205,290.5003,442.9942,570.1418
242.3273,140.5205,290.5003,442.9945,570.1444
242.4273,140.5205,290.5004,442.9947,570.1471
242.5273,140.5206,290.5004,442.995,570.1498
242.6273,140.5205,290.5005,442.9952,570.1525
242.7273,140.5205,290.5005,442.9955,570.1551
242.8273,140.5205,290.5005,442.9958,570.1578
242.9273,140.5205,290.5006,442.9961,570.1605
243.0273,140.5205,290.5006,442.9964,570.1632
243.1273,140.5206,290.5007,442.9966,570.1658
243.2273,140.5206,290.5007,442.9969,570.1685
243.3273,140.5206,290.5008,442.9972,570.1712
243.4273,140.5206,290.5008,442.9975,570.1739
243.5273,140.5206,290.5009,442.9978,570.1766
243.6273,140.5206,290.5009,442.998,570.1793
243.7273,140.5206,290.501,442.9984,570.182
243.8273,140.5206,290.501,442.9986,570.1847
243.9273,140.5206,290.5011,442.9989,570.1874
244.0273,140.5206,290.5011,442.9992,570.1901
244.1273,140.5206,290.5012,442.9995,570.1928
244.2273,140.5206,290.5012,442.9998,570.1955
244.3273,140.5206,290.5012,443.0001,570.1982
244.4273,140.5206,290.5013,443.0004,570.2009
244.5273,140.5206,290.5013,443.0007,570.2036
244.6273,140.5206,290.5013,443.001,570.2063
244.7273,140.5206,290.5014,443.0013,570.209
244.8273,140.5206,290.5014,443.0016,570.2117
244.9273,140.5207,290.5015,443.0019,570.2145
245.0273,140.5206,290.5015,443.0023,570.2172
245.1273,140.5207,290.5016,443.0026,570.2199
245.2273,140.5207,290.5017,443.0029,570.2226
245.3273,140.5207,290.5017,443.0032,570.2254
245.4273,140.5207,290.5017,443.0035,570.2281
245.5273,140.5207,290.5018,443.0038,570.2308
245.6273,140.5207,290.5018,443.0041,570.2336
245.7273,140.5207,290.5019,443.0045,570.2363
245.8273,140.5207,290.5019,443.0048,570.2391
245.9273,140.5207,290.502,443.0051,570.2418
246.0273,140.5207,290.502,443.0054,570.2445
246.1273,140.5207,290.5021,443.0057,570.2473
246.2273,140.5207,290.5021,443.006,570.25
246.3273,140.5207,290.5022,443.0064,570.2528
246.4273,140.5207,290.5022,443.0067,570.2555
246.5273,140.5207,290.5022,443.0071,570.2582
246.6273,140.5207,290.5023,443.0074,570.261
246.7273,140.5208,290.5023,443.0077,570.2637
246.8273,140.5207,290.5023,443.008,570.2665
246.9273,140.5208,290.5024,443.0084,570.2692
247.0273,140.5208,290.5024,443.0087,570.272
247.1273,140.5208,290.5025,443.0091,570.2748
247.2273,140.5208,290.5025,443.0094,570.2775
247.3273,140.5208,290.5026,443.0097,570.2803
247.4273,140.5208,290.5026,443.0101,570.2831
247.5273,140.5208,290.5027,443.0105,570.2858
247.6273,140.5208,290.5027,443.0108,570.2886
247.7273,140.5208,290.5028,443.0111,570.2913
247.8273,140.5208,290.5028,443.0115,570.2941
247.9273,140.5208,290.5028,443.0118,570.2969
248.0273,140.5208,290.5029,443.0122,570.2997
248.1273,140.5209,290.503,443.0126,570.3025
248.2273,140.5209,290.503,443.0129,570.3052
248.3273,140.5209,290.503,443.0133,570.3081
248.4273,140.5209,290.5031,443.0136,570.3109
248.5273,140.5209,290.5031,443.014,570.3137
248.6273,140.5209,290.5031,443.0143,570.3164
248.7273,140.5209,290.5032,443.0147,570.3193
248.8273,140.5209,290.5033,443.0151,570.3221
248.9273,140.5209,290.5033,443.0154,570.3248
249.0273,140.5209,290.5033,443.0158,570.3277
249.1273,140.5209,290.5034,443.0162,570.3305
249.2273,140.5209,290.5034,443.0165,570.3333
249.3273,140.5209,290.5035,443.0169,570.3361
249.4273,140.5209,290.5035,443.0173,570.3389
249.5273,140.521,290.5036,443.0176,570.3417
249.6273,140.5209,290.5036,443.018,570.3445
249.7273,140.521,290.5036,443.0184,570.3474
249.8273,140.521,290.5037,443.0188,570.3502
249.9273,140.521,290.5037,443.0192,570.353
250.0,140.5187,290.5036,443.0194,570.355
