time,FL1,FL6,TL14s1,TA21s1
0.0,242.1995,242.1784,443.0736,581.3201
0.01731882,242.1978,242.1768,443.0736,581.3201
0.1272978,242.1989,242.1778,443.0736,581.3201
0.2272978,242.1989,242.1778,443.0736,581.3201
0.3272977,242.1989,242.1777,443.0736,581.3201
0.4272977,242.1988,242.1777,443.0736,581.3201
0.5272977,242.1988,242.1777,443.0736,581.3201
0.6272978,242.1988,242.1777,443.0736,581.3201
0.7272978,242.1988,242.1777,443.0736,581.3201
0.8272977,242.1988,242.1777,443.0736,581.3201
0.9272978,242.1988,242.1777,443.0736,581.3201
1.027298,242.1988,242.1777,443.0736,581.3201
1.127298,242.1988,242.1777,443.0736,581.3201
1.227298,242.1988,242.1777,443.0736,581.3201
1.327298,242.1988,242.1777,443.0736,581.3201
1.427298,242.1988,242.1777,443.0736,581.3201
1.527298,242.1988,242.1777,443.0736,581.3201
1.627298,242.1988,242.1777,443.0736,581.3201
1.727298,242.1988,242.1777,443.0736,581.3201
1.827298,242.1988,242.1777,443.0736,581.3201
1.927298,242.1988,242.1777,443.0736,581.3201
2.027298,242.1988,242.1777,443.0736,581.3201
2.127298,242.1988,242.1777,443.0736,581.3201
2.227298,242.1988,242.1777,443.0736,581.3201
2.327298,242.1988,242.1777,443.0736,581.3201
2.427298,242.1988,242.1777,443.0736,581.3201
2.527298,242.1988,242.1777,443.0736,581.3201
2.627298,242.1988,242.1777,443.0736,581.3201
2.727298,242.1988,242.1777,443.0736,581.3201
2.827298,242.1988,242.1777,443.0736,581.3201
2.927298,242.1988,242.1777,443.0736,581.3201
3.027298,242.1988,242.1777,443.0736,581.3201
3.127298,242.1988,242.1777,443.0736,581.3201
3.227298,242.1988,242.1777,443.0736,581.3201
3.327298,242.1988,242.1777,443.0736,581.3201
3.427298,242.1988,242.1777,443.0736,581.3201
3.527298,242.1988,242.1777,443.0736,581.3201
3.627298,242.1988,242.1777,443.0736,581.3201
3.727298,242.1988,242.1777,443.0736,581.3201
3.827298,242.1988,242.1777,443.0736,581.3201
3.927298,242.1988,242.1777,443.0736,581.3201
4.027298,242.1988,242.1777,443.0736,581.3201
4.127298,242.1988,242.1777,443.0736,581.3201
4.227298,242.1988,242.1777,443.0736,581.3201
4.327298,242.1988,242.1777,443.0736,581.3201
4.427298,242.1988,242.1777,443.0736,581.3201
4.527298,242.1988,242.1777,443.0736,581.3201
4.627298,242.1989,242.1777,443.0736,581.3201
4.727298,242.1988,242.1777,443.0736,581.3201
4.827298,242.1988,242.1777,443.0736,581.3201
4.927298,242.1988,242.1777,443.0736,581.3201
5.027298,242.1988,242.1777,443.0736,581.3201
5.127298,242.1988,242.1777,443.0736,581.3201
5.227298,242.1988,242.1777,443.0736,581.3201
5.327298,242.1988,242.1777,443.0736,581.3201
5.427298,242.1988,242.1777,443.0736,581.3201
5.527298,242.1988,242.1777,443.0736,581.3201
5.627298,242.1988,242.1777,443.0736,581.3201
5.727298,242.1988,242.1777,443.0736,581.3201
5.827298,242.1988,242.1777,443.0736,581.3201
5.927298,242.1989,242.1777,443.0736,581.3201
6.027298,242.1988,242.1777,443.0736,581.3201
6.127298,242.1988,242.1777,443.0736,581.3201
6.227298,242.1988,242.1777,443.0736,581.3201
6.327298,242.1988,242.1777,443.0736,581.3201
6.427298,242.1988,242.1777,443.0736,581.3201
6.527298,242.1988,242.1777,443.0736,581.3201
6.627298,242.1988,242.1777,443.0736,581.3201
6.727298,242.1988,242.1777,443.0736,581.3201
6.827298,242.1988,242.1777,443.0736,581.3201
6.927298,242.1988,242.1777,443.0736,581.3201
7.027298,242.1988,242.1777,443.0736,581.3201
7.127298,242.1988,242.1777,443.0736,581.3201
7.227298,242.1989,242.1777,443.0736,581.3201
7.327298,242.1988,242.1777,443.0736,581.3201
7.427298,242.1988,242.1777,443.0736,581.3201
7.527298,242.1988,242.1777,443.0736,581.3201
7.627298,242.1988,242.1777,443.0736,581.3201
7.727298,242.1988,242.1777,443.0736,581.3201
7.827298,242.1988,242.1777,443.0736,581.3201
7.927298,242.1988,242.1777,443.0736,581.3201
8.027298,242.1988,242.1777,443.0736,581.3201
8.127298,242.1988,242.1777,443.0736,581.3201
8.227298,242.1988,242.1777,443.0736,581.3201
8.327298,242.1988,242.1777,443.0736,581.3201
8.427298,242.1988,242.1777,443.0736,581.3201
8.527298,242.1989,242.1777,443.0736,581.3201
8.627298,242.1988,242.1777,443.0736,581.3201
8.727298,242.1988,242.1777,443.0736,581.3201
8.827298,242.1988,242.1777,443.0736,581.3201
8.927298,242.1988,242.1777,443.0736,581.3201
9.027298,242.1988,242.1777,443.0736,581.3201
9.127298,242.1988,242.1777,443.0736,581.3201
9.227298,242.1988,242.1777,443.0736,581.3201
9.327298,242.1988,242.1777,443.0736,581.3201
9.427298,242.1988,242.1777,443.0736,581.3201
9.527298,242.1988,242.1777,443.0736,581.3201
9.627298,242.1988,242.1777,443.0736,581.3201
9.727298,242.1988,242.1777,443.0736,581.3201
9.827298,242.1989,242.1777,443.0736,581.3201
9.927298,242.1988,242.1777,443.0736,581.3201
10.0273,242.1988,242.1777,443.0736,581.3201
10.1273,242.1988,242.1777,443.0736,581.3201
10.2273,242.1988,242.1777,443.0736,581.3201
10.3273,242.1988,242.1777,443.0736,581.3201
10.4273,242.1988,242.1777,443.0736,581.3201
10.5273,242.1988,242.1777,443.0736,581.3201
10.6273,242.1988,242.1777,443.0736,581.3201
10.7273,242.1988,242.1777,443.0736,581.3201
10.8273,242.1988,242.1777,443.0736,581.3201
10.9273,242.1988,242.1777,443.0736,581.3201
11.0273,242.1988,242.1777,443.0736,581.3201
11.1273,242.1989,242.1777,443.0736,581.3201
11.2273,242.1988,242.1777,443.0736,581.3201
11.3273,242.1988,242.1777,443.0736,581.3201
11.4273,242.1988,242.1777,443.0736,581.3201
11.5273,242.1988,242.1777,443.0736,581.3201
11.6273,242.1988,242.1777,443.0736,581.3201
11.7273,242.1988,242.1777,443.0736,581.3201
11.8273,242.1988,242.1777,443.0736,581.3201
11.9273,242.1988,242.1777,443.0736,581.3201
12.0273,242.1988,242.1777,443.0736,581.3201
12.1273,242.1988,242.1777,443.0736,581.3201
12.2273,242.1988,242.1777,443.0736,581.3201
12.3273,242.1988,242.1777,443.0736,581.3201
12.4273,242.1989,242.1777,443.0736,581.3201
12.5273,242.1988,242.1777,443.0736,581.3201
12.6273,242.1988,242.1777,443.0736,581.3201
12.7273,242.1988,242.1777,443.0736,581.3201
12.8273,242.1988,242.1777,443.0736,581.3201
12.9273,242.1988,242.1777,443.0736,581.3201
13.0273,242.1988,242.1777,443.0736,581.3201
13.1273,242.1988,242.1777,443.0736,581.3201
13.2273,242.1988,242.1777,443.0736,581.3201
13.3273,242.1988,242.1777,443.0736,581.3201
13.4273,242.1988,242.1777,443.0736,581.3201
13.5273,242.1988,242.1777,443.0736,581.3201
13.6273,242.1988,242.1777,443.0736,581.3201
13.7273,242.1989,242.1777,443.0736,581.3201
13.8273,242.1988,242.1777,443.0736,581.3201
13.9273,242.1988,242.1777,443.0736,581.3201
14.0273,242.1988,242.1777,443.0736,581.3201
14.1273,242.1988,242.1777,443.0736,581.3201
14.2273,242.1988,242.1777,443.0736,581.3201
14.3273,242.1988,242.1777,443.0736,581.3201
14.4273,242.1988,242.1777,443.0736,581.3201
14.5273,242.1988,242.1777,443.0736,581.3201
14.6273,242.1988,242.1777,443.0736,581.3201
14.7273,242.1988,242.1777,443.0736,581.3201
14.8273,242.1988,242.1777,443.0736,581.3201
14.9273,242.1988,242.1777,443.0736,581.3201
15.0273,242.1989,242.1777,443.0736,581.3201
15.1273,242.1988,242.1777,443.0736,581.3201
15.2273,242.1988,242.1777,443.0736,581.3201
15.3273,242.1988,242.1777,443.0736,581.3201
15.4273,242.1988,242.1777,443.0736,581.3201
15.5273,242.1988,242.1777,443.0736,581.3201
15.6273,242.1988,242.1777,443.0736,581.3201
15.7273,242.1988,242.1777,443.0736,581.3201
15.8273,242.1988,242.1777,443.0736,581.3201
15.9273,242.1988,242.1777,443.0736,581.3201
16.0273,242.1988,242.1777,443.0736,581.3201
16.1273,242.1988,242.1777,443.0736,581.3201
16.2273,242.1989,242.1777,443.0735,581.3201
16.3273,242.1989,242.1777,443.0735,581.3201
16.4273,242.1988,242.1777,443.0735,581.3201
16.5273,242.1988,242.1777,443.0735,581.3201
16.6273,242.1988,242.1777,443.0735,581.3201
16.7273,242.1988,242.1777,443.0735,581.3201
16.8273,242.1989,242.1777,443.0735,581.3201
16.9273,242.1988,242.1777,443.0735,581.3201
17.0273,242.1988,242.1777,443.0735,581.3201
17.1273,242.1988,242.1777,443.0735,581.3201
17.2273,242.1988,242.1777,443.0735,581.3201
17.3273,242.1988,242.1777,443.0735,581.3201
17.4273,242.1988,242.1777,443.0735,581.3201
17.5273,242.1988,242.1777,443.0735,581.3201
17.6273,242.1989,242.1777,443.0735,581.3201
17.7273,242.1988,242.1777,443.0735,581.3201
17.8273,242.1988,242.1777,443.0735,581.3201
17.9273,242.1988,242.1777,443.0735,581.3201
18.0273,242.1988,242.1777,443.0735,581.3201
18.1273,242.1988,242.1777,443.0735,581.3201
18.2273,242.1988,242.1777,443.0735,581.3201
18.3273,242.1988,242.1777,443.0735,581.3201
18.4273,242.1988,242.1777,443.0735,581.3201
18.5273,242.1988,242.1777,443.0735,581.3201
18.6273,242.1988,242.1777,443.0735,581.3201
18.7273,242.1988,242.1777,443.0735,581.3201
18.8273,242.1989,242.1777,443.0735,581.3201
18.9273,242.1989,242.1777,443.0735,581.3201
19.0273,242.1988,242.1777,443.0735,581.3201
19.1273,242.1988,242.1777,443.0735,581.3201
19.2273,242.1988,242.1777,443.0735,581.3201
19.3273,242.1988,242.1777,443.0735,581.3201
19.4273,242.1988,242.1777,443.0735,581.3201
19.5273,242.1988,242.1777,443.0735,581.3201
19.6273,242.1988,242.1777,443.0735,581.3201
19.7273,242.1988,242.1777,443.0735,581.3201
19.8273,242.1988,242.1777,443.0735,581.3201
19.9273,242.1988,242.1777,443.0735,581.3201
20.0273,242.1988,242.1777,443.0735,581.3201
20.1273,242.1895,242.1805,443.0735,581.3201
20.2273,242.1465,242.1957,443.0735,581.3204
20.3273,242.0586,242.2277,443.0735,581.3219
20.4273,241.9237,242.2771,443.0734,581.3257
20.5273,241.7437,242.343,443.0733,581.3328
20.6273,241.5219,242.4237,443.0733,581.3439
20.7273,241.2621,242.5175,443.0734,581.3591
20.8273,240.968,242.6229,443.0737,581.3784
20.9273,240.6433,242.7384,443.0743,581.4015
21.0273,240.291,242.8628,443.0752,581.428
21.1273,239.9141,242.9949,443.0766,581.4577
21.2273,239.5153,243.1337,443.0784,581.4901
21.3273,239.0967,243.2783,443.0809,581.5247
21.4273,238.6605,243.4282,443.0839,581.5612
21.5273,238.2086,243.5826,443.0875,581.5993
21.6273,237.7424,243.7409,443.0918,581.6389
21.7273,237.2637,243.9027,443.0969,581.6796
21.8273,236.7735,244.0676,443.1027,581.7213
21.9273,236.273,244.2352,443.1092,581.7639
22.0273,235.7633,244.4052,443.1165,581.8072
22.1273,235.2453,244.5773,443.1245,581.8511
22.2273,234.7198,244.7513,443.1334,581.8955
22.3273,234.1875,244.9269,443.1431,581.9404
22.4273,233.6489,245.1041,443.1535,581.9857
22.5273,233.1048,245.2826,443.1648,582.0312
22.6273,232.5555,245.4622,443.1768,582.077
22.7273,232.0015,245.6429,443.1897,582.1229
22.8273,231.4433,245.8246,443.2033,582.1691
22.9273,230.8811,246.0071,443.2177,582.2152
23.0273,230.3153,246.1904,443.2329,582.2614
23.1273,229.7458,246.3751,443.2489,582.3077
23.2273,229.1716,246.5655,443.2656,582.3541
23.3273,228.589,246.7704,443.2831,582.4002
23.4273,228.0006,246.9834,443.3013,582.4458
23.5273,227.4082,247.2004,443.3203,582.4902
23.6273,226.8129,247.4193,443.34,582.5332
23.7273,226.2154,247.6391,443.3604,582.5753
23.8273,225.6157,247.8591,443.3814,582.6166
23.9273,225.0143,248.0793,443.4032,582.6576
24.0273,224.4111,248.2994,443.4255,582.6982
24.1273,223.8062,248.5194,443.4485,582.7387
24.2273,223.1996,248.7392,443.472,582.7791
24.3273,222.5915,248.9591,443.4962,582.8193
24.4273,221.9818,249.1789,443.5209,582.8596
24.5273,221.3705,249.3986,443.5463,582.8998
24.6273,220.7577,249.6183,443.5722,582.9399
24.7273,220.1434,249.8381,443.5987,582.9799
24.8273,219.5275,250.0578,443.6257,583.0199
24.9273,218.9101,250.2776,443.6533,583.0598
25.0273,218.2913,250.4976,443.6814,583.0995
25.1273,217.6709,250.7177,443.71,583.1392
25.2273,217.0491,250.9378,443.7392,583.1788
25.3273,216.4257,251.1581,443.7689,583.2182
25.4273,215.8008,251.3785,443.7991,583.2576
25.5273,215.1745,251.5992,443.8297,583.2969
25.6273,214.5467,251.82,443.8609,583.3361
25.7273,213.9173,252.0409,443.8926,583.3752
25.8273,213.2865,252.262,443.9247,583.4141
25.9273,212.6542,252.4834,443.9573,583.4529
26.0273,212.0204,252.7049,443.9903,583.4916
26.1273,211.385,252.9267,444.0239,583.5303
26.2273,210.7482,253.1487,444.0579,583.5687
26.3273,210.1097,253.3709,444.0923,583.6072
26.4273,209.4698,253.5934,444.1271,583.6455
26.5273,208.8284,253.8162,444.1624,583.6837
26.6273,208.1854,254.0391,444.1981,583.7218
26.7273,207.5408,254.2623,444.2343,583.7597
26.8273,206.8947,254.4857,444.2708,583.7976
26.9273,206.2469,254.7094,444.3078,583.8354
27.0273,205.5976,254.9334,444.3451,583.8732
27.1273,204.9471,255.158,444.3829,583.9108
27.2273,204.2942,255.3822,444.421,583.9484
27.3273,203.6405,255.6075,444.4595,583.9859
27.4273,202.9844,255.8323,444.4984,584.0232
27.5273,202.3269,256.0576,444.5377,584.0606
27.6273,201.668,256.2834,444.5773,584.0978
27.7273,201.0071,256.5093,444.6173,584.1351
27.8273,200.3448,256.7358,444.6577,584.1722
27.9273,199.6805,256.9623,444.6984,584.2093
28.0273,199.0147,257.1893,444.7394,584.2463
28.1273,198.3471,257.4166,444.7809,584.2832
28.2273,197.6779,257.6443,444.8227,584.3201
28.3273,197.0065,257.872,444.8648,584.357
28.4273,196.3334,258.1001,444.9072,584.3938
28.5273,195.6588,258.3287,444.95,584.4306
28.6273,194.9825,258.5579,444.9931,584.4673
28.7273,194.3038,258.7868,445.0366,584.504
28.8273,193.6237,259.0164,445.0803,584.5407
28.9273,192.9416,259.2463,445.1244,584.5773
29.0273,192.2579,259.4769,445.1688,584.6139
29.1273,191.5721,259.7075,445.2135,584.6505
29.2273,190.8842,259.9384,445.2584,584.6871
29.3273,190.1944,260.1697,445.3038,584.7236
29.4273,189.503,260.4016,445.3494,584.7601
29.5273,188.8142,260.6321,445.3953,584.7967
29.6273,188.1498,260.8533,445.4415,584.833
29.7273,187.4949,261.0704,445.488,584.8684
29.8273,186.8435,261.286,445.5349,584.9027
29.9273,186.1927,261.5018,445.582,584.9358
30.0273,185.54,261.7173,445.6294,584.9678
30.1273,184.8857,261.934,445.677,584.9993
30.2273,184.2289,262.1514,445.7249,585.0303
30.3273,183.5692,262.3693,445.7729,585.0612
30.4273,182.9073,262.5885,445.8211,585.0921
30.5273,182.2422,262.808,445.8695,585.1231
30.6273,181.5747,263.0284,445.9181,585.1541
30.7273,180.9045,263.2496,445.9669,585.1854
30.8273,180.2314,263.4712,446.0159,585.2168
30.9273,179.5558,263.6935,446.065,585.2483
31.0273,178.8774,263.9163,446.1144,585.2801
31.1273,178.1969,264.1401,446.164,585.3119
31.2273,177.5134,264.3641,446.2137,585.3439
31.3273,176.8282,264.5894,446.2637,585.376
31.4273,176.1397,264.8145,446.3138,585.4083
31.5273,175.4483,265.0398,446.3642,585.4407
31.6273,174.7546,265.2659,446.4148,585.4733
31.7273,174.0593,265.4933,446.4656,585.5061
31.8273,173.3608,265.7207,446.5165,585.5391
31.9273,172.6598,265.9484,446.5677,585.5721
32.0273,171.9562,266.1766,446.6191,585.6052
32.1273,171.2503,266.4056,446.6706,585.6384
32.2273,170.5418,266.635,446.7224,585.6717
32.3273,169.8309,266.8651,446.7745,585.705
32.4273,169.1174,267.0955,446.8267,585.7384
32.5273,168.4016,267.327,446.8792,585.7719
32.6273,167.6824,267.558,446.9319,585.8055
32.7273,166.9613,267.7902,446.9848,585.8392
32.8273,166.2375,268.023,447.0379,585.8731
32.9273,165.5106,268.2558,447.0912,585.9071
33.0273,164.7814,268.4895,447.1448,585.9411
33.1273,164.0495,268.7238,447.1986,585.9753
33.2273,163.3151,268.9589,447.2526,586.0097
33.3273,162.5773,269.194,447.3069,586.0442
33.4273,161.8373,269.4301,447.3613,586.0788
33.5273,161.0938,269.6663,447.4161,586.1136
33.6273,160.3481,269.9036,447.471,586.1485
33.7273,159.5989,270.141,447.5262,586.1837
33.8273,158.8472,270.3795,447.5817,586.2189
33.9273,158.0925,270.6185,447.6373,586.2544
34.0273,157.3349,270.8583,447.6932,586.2901
34.1273,156.5734,271.0979,447.7494,586.326
34.2273,155.8094,271.3387,447.8057,586.3622
34.3273,155.0425,271.5804,447.8623,586.3985
34.4273,154.2725,271.8227,447.9192,586.435
34.5273,153.4987,272.0654,447.9764,586.4718
34.6273,152.7217,272.3088,448.0338,586.5087
34.7273,151.9506,272.5503,448.0914,586.5459
34.8273,151.1855,272.7883,448.1493,586.583
34.9273,150.4245,273.0252,448.2075,586.6198
35.0273,149.6655,273.261,448.266,586.656
35.1273,148.9078,273.4965,448.3248,586.6916
35.2273,148.1499,273.7311,448.3837,586.7267
35.3273,147.3919,273.9655,448.443,586.7613
35.4273,146.6336,274.2,448.5024,586.7956
35.5273,145.8746,274.4345,448.5621,586.8296
35.6273,145.1149,274.6692,448.622,586.8635
35.7273,144.3541,274.904,448.6821,586.8973
35.8273,143.5915,275.1382,448.7425,586.931
35.9273,142.8278,275.3729,448.803,586.9647
36.0273,142.0629,275.6079,448.8637,586.9986
36.1273,141.2961,275.8428,448.9246,587.0326
36.2273,140.5281,276.0782,448.9858,587.0666
36.3273,139.7583,276.3136,449.0471,587.1007
36.4273,138.9871,276.5496,449.1086,587.1349
36.5273,138.2136,276.7853,449.1704,587.1693
36.6273,137.4377,277.0208,449.2323,587.2036
36.7273,136.6605,277.2571,449.2944,587.2382
36.8273,135.8818,277.4941,449.3568,587.2729
36.9273,135.1004,277.7306,449.4193,587.3077
37.0273,134.3174,277.9677,449.482,587.3426
37.1273,133.5322,278.2051,449.5449,587.3777
37.2273,132.745,278.4428,449.6081,587.4129
37.3273,131.9557,278.6808,449.6714,587.4481
37.4273,131.1637,278.9188,449.7349,587.4835
37.5273,130.3702,279.1576,449.7987,587.5191
37.6273,129.574,279.3963,449.8627,587.5547
37.7273,128.7759,279.6357,449.9268,587.5906
37.8273,127.9752,279.875,449.9912,587.6266
37.9273,127.1721,280.1147,450.0558,587.6628
38.0273,126.3642,280.356,450.1206,587.6992
38.1273,125.5429,280.6007,450.1858,587.7359
38.2273,124.7142,280.8476,450.251,587.7732
38.3273,123.8811,281.0957,450.3165,587.8113
38.4273,123.0451,281.3437,450.3821,587.8503
38.5273,122.208,281.5918,450.4481,587.8901
38.6273,121.3697,281.8394,450.5143,587.9303
38.7273,120.5311,282.0869,450.5807,587.9709
38.8273,119.6917,282.3335,450.6475,588.0117
38.9273,118.8522,282.5811,450.7145,588.0525
39.0273,118.01,282.8331,450.7818,588.0933
39.1273,117.1604,283.1016,450.8494,588.1337
39.2273,116.3052,283.3792,450.9174,588.1736
39.3273,115.4458,283.6605,450.9855,588.2123
39.4273,114.5846,283.9439,451.0539,588.2502
39.5273,113.7222,284.2282,451.1226,588.2874
39.6273,112.8575,284.5117,451.1916,588.324
39.7273,111.9926,284.7959,451.2608,588.3604
39.8273,111.1258,285.0791,451.3302,588.3967
39.9273,110.2579,285.3621,451.3998,588.4331
40.0273,109.3891,285.6454,451.4696,588.4696
40.1273,108.5189,285.9285,451.5396,588.5063
40.2273,107.6466,286.211,451.6099,588.543
40.3273,106.7727,286.4935,451.6803,588.5799
40.4273,105.8967,286.7758,451.751,588.6171
40.5273,105.0172,287.0589,451.8218,588.6544
40.6273,104.1233,287.347,451.8929,588.6922
40.7273,103.218,287.6375,451.9641,588.7307
40.8273,102.3061,287.9295,452.0356,588.7701
40.9273,101.3903,288.2223,452.1073,588.8108
41.0273,100.4724,288.5153,452.1793,588.8526
41.1273,99.55293,288.8078,452.2515,588.8953
41.2273,98.63277,289.0998,452.3239,588.9387
41.3273,97.71235,289.3913,452.3967,588.9824
41.4273,96.79184,289.6823,452.4698,589.0264
41.5273,95.87047,289.9724,452.5431,589.0706
41.6273,94.94988,290.2631,452.6166,589.1147
41.7273,94.02744,290.5519,452.6906,589.1589
41.8273,93.10477,290.841,452.7648,589.2029
41.9273,92.18178,291.1304,452.8393,589.2471
42.0273,91.25673,291.4186,452.9141,589.2912
42.1273,90.33139,291.7075,452.9893,589.3353
42.2273,89.4035,291.9955,453.0646,589.3795
42.3273,88.47497,292.2846,453.1403,589.4238
42.4273,87.54357,292.5727,453.2163,589.4682
42.5273,86.60785,292.8625,453.2925,589.5129
42.6273,85.65457,293.1574,453.369,589.5579
42.7273,84.68885,293.456,453.4459,589.6037
42.8273,83.71492,293.7568,453.5229,589.6509
42.9273,82.73466,294.0579,453.6003,589.6996
43.0273,81.75159,294.36,453.6779,589.7498
43.1273,80.76631,294.6619,453.7559,589.8012
43.2273,79.77954,294.9634,453.8342,589.8537
43.3273,78.79214,295.2646,453.9128,589.9069
43.4273,77.8036,295.5647,453.9918,589.9605
43.5273,76.81555,295.8652,454.0713,590.0145
43.6273,75.82586,296.1643,454.151,590.0686
43.7273,74.83604,296.4634,454.2312,590.1228
43.8273,73.84572,296.7623,454.3118,590.177
43.9273,72.8544,297.061,454.3927,590.2313
44.0273,71.86156,297.3591,454.4739,590.2856
44.1273,70.86784,297.6578,454.5557,590.3399
44.2273,69.8559,297.9602,454.6377,590.3944
44.3273,68.82864,298.2688,454.7201,590.4496
44.4273,67.78918,298.5797,454.8028,590.506
44.5273,66.74162,298.8921,454.886,590.5642
44.6273,65.68927,299.2062,454.9694,590.6243
44.7273,64.63213,299.5194,455.0533,590.6862
44.8273,63.57336,299.8332,455.1375,590.7495
44.9273,62.51227,300.146,455.2222,590.8139
45.0273,61.4504,300.4587,455.3074,590.8792
45.1273,60.38837,300.7714,455.393,590.945
45.2273,59.32485,301.0827,455.479,591.0111
45.3273,58.26178,301.3945,455.5656,591.0775
45.4273,57.19698,301.705,455.6526,591.1441
45.5273,56.12636,302.0165,455.7401,591.2107
45.6273,55.03433,302.3344,455.8281,591.2777
45.7273,53.92631,302.6573,455.9166,591.3457
45.8273,52.80641,302.9833,456.0055,591.4154
45.9273,51.67653,303.31,456.0949,591.4872
46.0273,50.54155,303.6386,456.1847,591.5612
46.1273,49.40057,303.9665,456.2751,591.6373
46.2273,48.2566,304.2949,456.3659,591.7155
46.3273,47.11062,304.6228,456.4573,591.7952
46.4273,45.96276,304.9499,456.5492,591.8761
46.5273,44.81479,305.2769,456.6417,591.9578
46.6273,43.66523,305.6025,456.7349,592.0401
46.7273,42.49873,305.9324,456.8285,592.1231
46.8273,41.31293,306.2689,456.9228,592.207
46.9273,40.11082,306.6084,457.0176,592.2923
47.0273,38.89688,306.9503,457.113,592.3799
47.1273,37.67439,307.2936,457.2091,592.4699
47.2273,36.44487,307.6375,457.3057,592.5624
47.3273,35.21158,307.9825,457.403,592.6572
47.4273,33.97257,308.3257,457.5009,592.754
47.5273,32.73163,308.6691,457.5995,592.8524
47.6273,31.48912,309.0137,457.6988,592.9522
47.7273,30.22585,309.3604,457.7988,593.0531
47.8273,28.9451,309.7144,457.8995,593.1554
47.9273,27.64842,310.071,458.0009,593.2597
48.0273,26.33854,310.4295,458.103,593.3664
48.1273,25.01947,310.7902,458.2058,593.4755
48.2273,23.69127,311.1508,458.3094,593.5873
48.3273,22.35723,311.5133,458.4137,593.7018
48.4273,21.01682,311.8749,458.5188,593.8186
48.5273,19.66833,312.2379,458.6247,593.9376
48.6273,18.30516,312.6049,458.7315,594.0584
48.7273,16.92721,312.9734,458.8391,594.1813
48.8273,15.53944,313.3458,458.9476,594.3066
48.9273,14.13952,313.7176,459.0569,594.4345
49.0273,12.73153,314.0919,459.167,594.5651
49.1273,11.32589,314.4689,459.2781,594.6981
49.2273,9.943743,314.8419,459.3902,594.833
49.3273,8.6067,315.2026,459.5032,594.9679
49.4273,7.327314,315.5457,459.6173,595.1004
49.5273,6.113521,315.8715,459.7326,595.2275
49.6273,4.967502,316.1769,459.8489,595.3463
49.7273,3.894082,316.4642,459.9664,595.4544
49.8273,2.893487,316.732,460.0849,595.5497
49.9273,1.964239,316.9796,460.2045,595.6305
50.0273,1.10811,317.2099,460.3248,595.696
50.1273,0.3232717,317.4223,460.446,595.7454
50.2273,-0.3924866,317.6164,460.5677,595.7783
50.3273,-1.03536,317.7922,460.6898,595.7949
50.4273,-1.610324,317.9513,460.8123,595.7952
50.5273,-2.123074,318.0945,460.9349,595.7794
50.6273,-2.578585,318.2233,461.0574,595.7479
50.7273,-2.980871,318.3393,461.1796,595.7017
50.8273,-3.333435,318.4441,461.3014,595.6417
50.9273,-3.641431,318.5375,461.4225,595.569
51.0273,-3.907698,318.622,461.5429,595.4848
51.1273,-4.137097,318.6967,461.6623,595.3901
51.2273,-4.332272,318.7634,461.7806,595.2862
51.3273,-4.495829,318.8236,461.8976,595.1742
51.4273,-4.631423,318.8768,462.0133,595.055
51.5273,-4.743576,318.9227,462.1274,594.9296
51.6273,-4.832132,318.9643,462.2399,594.7989
51.7273,-4.900476,319.0006,462.3508,594.6637
51.8273,-4.950831,319.0329,462.4599,594.5247
51.9273,-4.985398,319.061,462.5672,594.3825
52.0273,-5.005542,319.0863,462.6725,594.2378
52.1273,-5.01376,319.1081,462.7759,594.0911
52.2273,-5.010673,319.1278,462.8774,593.9427
52.3273,-4.99917,319.1446,462.9768,593.7932
52.4273,-4.979109,319.16,463.0742,593.643
52.5273,-4.950977,319.1746,463.1695,593.4924
52.6273,-4.919487,319.1854,463.2628,593.3415
52.7273,-4.881905,319.1963,463.354,593.1908
52.8273,-4.840756,319.2059,463.4432,593.0404
52.9273,-4.796668,319.2149,463.5302,592.8906
53.0273,-4.749607,319.2237,463.6152,592.7416
53.1273,-4.700671,319.2319,463.6981,592.5934
53.2273,-4.650416,319.2397,463.7789,592.446
53.3273,-4.599455,319.247,463.8578,592.2995
53.4273,-4.548409,319.2539,463.9347,592.1541
53.5273,-4.496067,319.2615,464.0096,592.0098
53.6273,-4.444848,319.2686,464.0826,591.8668
53.7273,-4.394332,319.2756,464.1536,591.7252
53.8273,-4.344571,319.2827,464.2227,591.5849
53.9273,-4.295621,319.2899,464.2899,591.4461
54.0273,-4.247269,319.2978,464.3553,591.3086
54.1273,-4.200146,319.3055,464.4189,591.1724
54.2273,-4.154339,319.3135,464.4807,591.0375
54.3273,-4.10902,319.3225,464.5408,590.9037
54.4273,-4.066331,319.3305,464.5992,590.7713
54.5273,-4.024589,319.3391,464.6559,590.6401
54.6273,-3.983517,319.3488,464.7109,590.5102
54.7273,-3.9443,319.3581,464.7643,590.3816
54.8273,-3.906002,319.3681,464.816,590.2544
54.9273,-3.869808,319.3776,464.8663,590.1285
55.0273,-3.834283,319.3879,464.915,590.0038
55.1273,-3.800137,319.3983,464.9622,589.8802
55.2273,-3.766764,319.4094,465.0079,589.7577
55.3273,-3.735141,319.4202,465.0523,589.6362
55.4273,-3.704275,319.4314,465.0951,589.5157
55.5273,-3.67469,319.4428,465.1366,589.3962
55.6273,-3.646811,319.4537,465.1768,589.2776
55.7273,-3.627313,319.4616,465.2156,589.1602
55.8273,-3.616397,319.4697,465.253,589.0443
55.9273,-3.613131,319.4794,465.2892,588.9307
56.0273,-3.616308,319.4914,465.3241,588.8196
56.1273,-3.625221,319.5053,465.3577,588.7111
56.2273,-3.639103,319.5213,465.3902,588.6049
56.3273,-3.657148,319.5388,465.4215,588.5009
56.4273,-3.678318,319.5581,465.4517,588.3987
56.5273,-3.702039,319.5786,465.4809,588.2981
56.6273,-3.727834,319.6003,465.5089,588.1989
56.7273,-3.755411,319.6227,465.536,588.1007
56.8273,-3.784036,319.646,465.5622,588.0033
56.9273,-3.813795,319.6695,465.5874,587.9066
57.0273,-3.843443,319.6943,465.6117,587.8105
57.1273,-3.873799,319.7189,465.6351,587.7149
57.2273,-3.90397,319.744,465.6576,587.6197
57.3273,-3.934007,319.7692,465.6793,587.5248
57.4273,-3.96357,319.7949,465.7001,587.4301
57.5273,-3.992543,319.8203,465.7201,587.3357
57.6273,-4.020702,319.8462,465.7394,587.2415
57.7273,-4.048514,319.8716,465.7578,587.1474
57.8273,-4.075326,319.8973,465.7755,587.0534
57.9273,-4.101275,319.9229,465.7924,586.9595
58.0273,-4.126281,319.9484,465.8085,586.8658
58.1273,-4.150506,319.9738,465.8239,586.7721
58.2273,-4.173579,319.9991,465.8386,586.6786
58.3273,-4.195874,320.0242,465.8526,586.5852
58.4273,-4.217238,320.0492,465.8658,586.4917
58.5273,-4.237582,320.0742,465.8783,586.3984
58.6273,-4.257156,320.0989,465.8902,586.3052
58.7273,-4.275862,320.1234,465.9014,586.2121
58.8273,-4.293687,320.1479,465.9118,586.1189
58.9273,-4.310711,320.1722,465.9216,586.0258
59.0273,-4.327081,320.1962,465.9308,585.9328
59.1273,-4.342525,320.2203,465.9393,585.84
59.2273,-4.357335,320.2442,465.9471,585.7475
59.3273,-4.371588,320.2679,465.9543,585.655
59.4273,-4.385189,320.2915,465.9609,585.5628
59.5273,-4.398119,320.3151,465.9669,585.4708
59.6273,-4.410573,320.3384,465.9722,585.379
59.7273,-4.422522,320.3617,465.9769,585.2874
59.8273,-4.433892,320.385,465.9811,585.1961
59.9273,-4.444902,320.408,465.9846,585.105
60.0273,-4.455525,320.4311,465.9876,585.0142
60.1273,-4.465672,320.454,465.99,584.9236
60.2273,-4.475538,320.4769,465.9919,584.8333
60.3273,-4.485072,320.4996,465.9931,584.7432
60.4273,-4.494327,320.5223,465.9939,584.6535
60.5273,-4.503269,320.545,465.9941,584.5639
60.6273,-4.512402,320.567,465.9937,584.4747
60.7273,-4.520383,320.5901,465.9929,584.3858
60.8273,-4.52876,320.6124,465.9915,584.2971
60.9273,-4.536742,320.635,465.9896,584.2088
61.0273,-4.544682,320.6573,465.9872,584.1208
61.1273,-4.552485,320.6797,465.9843,584.0333
61.2273,-4.560177,320.7021,465.981,583.9463
61.3273,-4.567771,320.7242,465.9771,583.8595
61.4273,-4.575256,320.7464,465.9728,583.7731
61.5273,-4.582603,320.7687,465.968,583.687
61.6273,-4.589977,320.7908,465.9628,583.6011
61.7273,-4.59716,320.8131,465.9571,583.5157
61.8273,-4.604387,320.8353,465.951,583.4304
61.9273,-4.611546,320.8575,465.9445,583.3455
62.0273,-4.618718,320.8796,465.9375,583.261
62.1273,-4.625851,320.9017,465.9301,583.1767
62.2273,-4.632965,320.9239,465.9223,583.0927
62.3273,-4.640059,320.946,465.9141,583.009
62.4273,-4.647166,320.9681,465.9055,582.9256
62.5273,-4.654233,320.9903,465.8965,582.8424
62.6273,-4.661364,321.0124,465.8871,582.7596
62.7273,-4.668456,321.0345,465.8774,582.677
62.8273,-4.675609,321.0565,465.8672,582.5947
62.9273,-4.682703,321.0786,465.8568,582.5127
63.0273,-4.689884,321.1007,465.8459,582.431
63.1273,-4.696946,321.1228,465.8348,582.3496
63.2273,-4.704105,321.1449,465.8232,582.2683
63.3273,-4.711242,321.167,465.8114,582.1874
63.4273,-4.718415,321.189,465.7992,582.1068
63.5273,-4.725558,321.2111,465.7866,582.0264
63.6273,-4.732716,321.2331,465.7738,581.9463
63.7273,-4.73987,321.2552,465.7606,581.8663
63.8273,-4.747002,321.2772,465.7471,581.7866
63.9273,-4.75415,321.2993,465.7334,581.7072
64.0273,-4.761348,321.3213,465.7193,581.6281
64.1273,-4.768519,321.3433,465.705,581.5491
64.2273,-4.775754,321.3653,465.6903,581.4705
64.3273,-4.782918,321.3874,465.6754,581.392
64.4273,-4.790181,321.4093,465.6602,581.3139
64.5273,-4.797343,321.4314,465.6447,581.236
64.6273,-4.80461,321.4534,465.629,581.1582
64.7273,-4.811852,321.4754,465.613,581.0808
64.8273,-4.819149,321.4974,465.5968,581.0036
64.9273,-4.826421,321.5194,465.5802,580.9266
65.0273,-4.833721,321.5414,465.5635,580.8499
65.1273,-4.84105,321.5634,465.5465,580.7735
65.2273,-4.848366,321.5854,465.5293,580.6972
65.3273,-4.85568,321.6075,465.5118,580.6211
65.4273,-4.863063,321.6295,465.4941,580.5453
65.5273,-4.87043,321.6515,465.4762,580.4697
65.6273,-4.877843,321.6735,465.4581,580.3944
65.7273,-4.885193,321.6955,465.4398,580.3192
65.8273,-4.892628,321.7174,465.4212,580.2443
65.9273,-4.899946,321.7395,465.4025,580.1695
66.0273,-4.907358,321.7615,465.3835,580.0951
66.1273,-4.914733,321.7835,465.3643,580.0208
66.2273,-4.922163,321.8054,465.345,579.9467
66.3273,-4.929535,321.8274,465.3255,579.8728
66.4273,-4.936913,321.8493,465.3057,579.7991
66.5273,-4.944312,321.8713,465.2858,579.7254
66.6273,-4.951656,321.8932,465.2657,579.652
66.7273,-4.959022,321.9152,465.2455,579.5786
66.8273,-4.966407,321.9371,465.225,579.5055
66.9273,-4.973796,321.959,465.2044,579.4325
67.0273,-4.981192,321.9809,465.1836,579.3597
67.1273,-4.988547,322.0028,465.1627,579.2871
67.2273,-4.995952,322.0247,465.1416,579.2147
67.3273,-5.003283,322.0467,465.1203,579.1425
67.4273,-5.010664,322.0686,465.0989,579.0705
67.5273,-5.018046,322.0905,465.0773,578.9987
67.6273,-5.025442,322.1124,465.0556,578.927
67.7273,-5.032837,322.1343,465.0338,578.8556
67.8273,-5.040215,322.1562,465.0118,578.7843
67.9273,-5.047646,322.178,464.9897,578.7132
68.0273,-5.055005,322.2,464.9674,578.6423
68.1273,-5.062409,322.2219,464.945,578.5716
68.2273,-5.069837,322.2437,464.9225,578.5011
68.3273,-5.077264,322.2656,464.8998,578.4307
68.4273,-5.084714,322.2875,464.877,578.3606
68.5273,-5.092125,322.3094,464.8541,578.2906
68.6273,-5.09959,322.3312,464.8311,578.2208
68.7273,-5.106983,322.3531,464.808,578.1512
68.8273,-5.114424,322.3751,464.7847,578.0818
68.9273,-5.121857,322.3969,464.7614,578.0126
69.0273,-5.129315,322.4187,464.7379,577.9435
69.1273,-5.136756,322.4406,464.7143,577.8746
69.2273,-5.144178,322.4624,464.6906,577.8059
69.3273,-5.151627,322.4843,464.6668,577.7375
69.4273,-5.158992,322.5062,464.6429,577.6693
69.5273,-5.166388,322.528,464.619,577.6013
69.6273,-5.173801,322.5498,464.5949,577.5336
69.7273,-5.181206,322.5716,464.5707,577.466
69.8273,-5.188606,322.5934,464.5464,577.3985
69.9273,-5.195962,322.6152,464.5221,577.3313
70.0273,-5.203379,322.637,464.4977,577.2643
70.1273,-5.210702,322.6588,464.4731,577.1974
70.2273,-5.218077,322.6807,464.4485,577.1307
70.3273,-5.225453,322.7024,464.4239,577.0643
70.4273,-5.232845,322.7242,464.3991,576.998
70.5273,-5.240236,322.746,464.3742,576.9318
70.6273,-5.247611,322.7678,464.3493,576.8658
70.7273,-5.255026,322.7895,464.3243,576.8
70.8273,-5.26239,322.8114,464.2992,576.7343
70.9273,-5.269776,322.8332,464.2741,576.6688
71.0273,-5.277195,322.855,464.2489,576.6034
71.1273,-5.284615,322.8768,464.2236,576.5382
71.2273,-5.292047,322.8985,464.1983,576.4731
71.3273,-5.299452,322.9203,464.1729,576.4082
71.4273,-5.306905,322.9421,464.1474,576.3435
71.5273,-5.31427,322.9639,464.1219,576.2789
71.6273,-5.321693,322.9857,464.0963,576.2144
71.7273,-5.329112,323.0075,464.0707,576.1501
71.8273,-5.336555,323.0292,464.045,576.086
71.9273,-5.343991,323.0509,464.0193,576.0219
72.0273,-5.351412,323.0727,463.9935,575.958
72.1273,-5.358853,323.0944,463.9676,575.8942
72.2273,-5.366219,323.1162,463.9418,575.8306
72.3273,-5.373623,323.138,463.9158,575.7671
72.4273,-5.381026,323.1597,463.8898,575.7037
72.5273,-5.388435,323.1815,463.8638,575.6406
72.6273,-5.395837,323.2032,463.8377,575.5778
72.7273,-5.403201,323.2249,463.8115,575.5152
72.8273,-5.410613,323.2466,463.7854,575.4528
72.9273,-5.41794,323.2683,463.7592,575.3907
73.0273,-5.425312,323.2901,463.7329,575.3286
73.1273,-5.432684,323.3118,463.7066,575.2668
73.2273,-5.440072,323.3334,463.6803,575.2051
73.3273,-5.447451,323.3552,463.654,575.1435
73.4273,-5.455252,323.3765,463.6276,575.0821
73.5273,-5.46206,323.3986,463.6012,575.0207
73.6273,-5.469347,323.4204,463.5747,574.9594
73.7273,-5.476673,323.4422,463.5482,574.8983
73.8273,-5.484074,323.4638,463.5217,574.8372
73.9273,-5.491614,323.4854,463.4952,574.7763
74.0273,-5.499026,323.5071,463.4686,574.7156
74.1273,-5.506507,323.5287,463.442,574.6549
74.2273,-5.51388,323.5504,463.4154,574.5944
74.3273,-5.521266,323.5722,463.3888,574.534
74.4273,-5.528703,323.5939,463.3622,574.4737
74.5273,-5.536118,323.6156,463.3355,574.4137
74.6273,-5.543552,323.6372,463.3087,574.3536
74.7273,-5.550993,323.6589,463.282,574.2938
74.8273,-5.558403,323.6806,463.2553,574.234
74.9273,-5.565852,323.7022,463.2285,574.1743
75.0273,-5.57322,323.724,463.2018,574.1149
75.1273,-5.580631,323.7457,463.1749,574.0554
75.2273,-5.588021,323.7673,463.1482,573.9962
75.3273,-5.595421,323.789,463.1213,573.937
75.4273,-5.602824,323.8106,463.0945,573.878
75.5273,-5.610194,323.8322,463.0676,573.8192
75.6273,-5.617594,323.8539,463.0408,573.7605
75.7273,-5.624916,323.8755,463.0139,573.7019
75.8273,-5.632272,323.8972,462.987,573.6434
75.9273,-5.639623,323.9188,462.9601,573.585
76.0273,-5.646982,323.9404,462.9332,573.5267
76.1273,-5.654343,323.9621,462.9064,573.4684
76.2273,-5.661682,323.9837,462.8794,573.4101
76.3273,-5.669062,324.0053,462.8525,573.3518
76.4273,-5.676375,324.027,462.8256,573.2937
76.5273,-5.683732,324.0486,462.7987,573.2356
76.6273,-5.691096,324.0702,462.7717,573.1777
76.7273,-5.698471,324.0918,462.7448,573.1198
76.8273,-5.705862,324.1134,462.7178,573.0621
76.9273,-5.713236,324.135,462.6909,573.0044
77.0273,-5.720657,324.1566,462.6639,572.9469
77.1273,-5.728006,324.1783,462.637,572.8895
77.2273,-5.735404,324.1999,462.61,572.8322
77.3273,-5.742808,324.2215,462.583,572.7751
77.4273,-5.750217,324.2432,462.5561,572.718
77.5273,-5.757633,324.2647,462.5291,572.6612
77.6273,-5.765018,324.2864,462.5021,572.6044
77.7273,-5.772446,324.3079,462.4751,572.5478
77.8273,-5.779799,324.3296,462.4482,572.4913
77.9273,-5.787196,324.3512,462.4212,572.435
78.0273,-5.794582,324.3728,462.3942,572.3787
78.1273,-5.801972,324.3944,462.3672,572.3225
78.2273,-5.809369,324.4159,462.3403,572.2665
78.3273,-5.816727,324.4375,462.3133,572.2106
78.4273,-5.824129,324.4591,462.2864,572.1548
78.5273,-5.83144,324.4807,462.2594,572.0991
78.6273,-5.838804,324.5023,462.2325,572.0435
78.7273,-5.846147,324.5238,462.2055,571.9881
78.8273,-5.853505,324.5454,462.1786,571.9326
78.9273,-5.860867,324.5669,462.1516,571.8774
79.0273,-5.868198,324.5885,462.1247,571.8222
79.1273,-5.875569,324.61,462.0978,571.7672
79.2273,-5.882871,324.6316,462.0709,571.7122
79.3273,-5.890212,324.6532,462.044,571.6574
79.4273,-5.897551,324.6747,462.0171,571.6026
79.5273,-5.904915,324.6962,461.9902,571.5481
79.6273,-5.912279,324.7178,461.9633,571.4935
79.7273,-5.919623,324.7393,461.9364,571.4391
79.8273,-5.927018,324.7608,461.9096,571.3848
79.9273,-5.934337,324.7824,461.8827,571.3306
80.0273,-5.941708,324.804,461.8559,571.2765
80.1273,-5.949077,324.8255,461.829,571.2225
80.2273,-5.956456,324.8471,461.8022,571.1686
80.3273,-5.963846,324.8686,461.7754,571.1148
80.4273,-5.97122,324.8902,461.7486,571.0612
80.5273,-5.978635,324.9117,461.7218,571.0076
80.6273,-5.985966,324.9333,461.695,570.9541
80.7273,-5.993345,324.9548,461.6683,570.9007
80.8273,-6.000711,324.9763,461.6415,570.8475
80.9273,-6.008084,324.9978,461.6148,570.7943
81.0273,-6.015458,325.0194,461.5881,570.7413
81.1273,-6.022799,325.0409,461.5613,570.6883
81.2273,-6.030183,325.0624,461.5347,570.6354
81.3273,-6.03749,325.0839,461.508,570.5827
81.4273,-6.044825,325.1055,461.4813,570.5301
81.5273,-6.052155,325.1269,461.4546,570.4774
81.6273,-6.059493,325.1484,461.428,570.425
81.7273,-6.06683,325.1699,461.4014,570.3726
81.8273,-6.074142,325.1914,461.3748,570.3204
81.9273,-6.08149,325.2129,461.3482,570.2681
82.0273,-6.088757,325.2344,461.3216,570.2161
82.1273,-6.096078,325.256,461.2951,570.1641
82.2273,-6.103393,325.2774,461.2685,570.1122
82.3273,-6.110721,325.2989,461.242,570.0604
82.4273,-6.118053,325.3204,461.2155,570.0087
82.5273,-6.125373,325.3419,461.189,569.9571
82.6273,-6.132728,325.3634,461.1626,569.9056
82.7273,-6.140013,325.385,461.1361,569.8542
82.8273,-6.147358,325.4065,461.1097,569.8029
82.9273,-6.154694,325.428,461.0832,569.7516
83.0273,-6.162053,325.4495,461.0569,569.7005
83.1273,-6.169445,325.471,461.0305,569.6494
83.2273,-6.176762,325.4926,461.0041,569.5984
83.3273,-6.184137,325.514,460.9778,569.5475
83.4273,-6.191447,325.5356,460.9514,569.4967
83.5273,-6.198801,325.5571,460.9252,569.4461
83.6273,-6.206146,325.5786,460.8989,569.3954
83.7273,-6.21351,325.6001,460.8726,569.3448
83.8273,-6.220878,325.6216,460.8464,569.2942
83.9273,-6.228205,325.6432,460.8201,569.2438
84.0273,-6.235574,325.6646,460.794,569.1934
84.1273,-6.242851,325.6862,460.7678,569.1431
84.2273,-6.250177,325.7077,460.7416,569.0928
84.3273,-6.257488,325.7292,460.7155,569.0426
84.4273,-6.264804,325.7507,460.6894,568.9926
84.5273,-6.272118,325.7722,460.6633,568.9426
84.6273,-6.279404,325.7937,460.6372,568.8927
84.7273,-6.286717,325.8151,460.6112,568.8429
84.8273,-6.29395,325.8367,460.5851,568.7932
84.9273,-6.30123,325.8582,460.5591,568.7436
85.0273,-6.308502,325.8797,460.5331,568.6941
85.1273,-6.315791,325.9012,460.5072,568.6445
85.2273,-6.323087,325.9226,460.4813,568.5952
85.3273,-6.330361,325.9442,460.4554,568.5459
85.4273,-6.337678,325.9656,460.4295,568.4967
85.5273,-6.344925,325.9871,460.4036,568.4476
85.6273,-6.35223,326.0087,460.3777,568.3986
85.7273,-6.359536,326.0302,460.3519,568.3496
85.8273,-6.366864,326.0517,460.3261,568.3008
85.9273,-6.3742,326.0732,460.3003,568.252
86.0273,-6.381515,326.0947,460.2746,568.2033
86.1273,-6.388876,326.1162,460.2489,568.1546
86.2273,-6.396163,326.1377,460.2232,568.1061
86.3273,-6.403505,326.1593,460.1974,568.0575
86.4273,-6.410836,326.1807,460.1718,568.0091
86.5273,-6.418174,326.2022,460.1461,567.9607
86.6273,-6.425511,326.2237,460.1205,567.9125
86.7273,-6.432826,326.2453,460.0949,567.8644
86.8273,-6.44017,326.2667,460.0694,567.8163
86.9273,-6.447424,326.2882,460.0438,567.7683
87.0273,-6.454732,326.3098,460.0183,567.7204
87.1273,-6.462026,326.3312,459.9928,567.6726
87.2273,-6.469325,326.3527,459.9673,567.6248
87.3273,-6.476618,326.3742,459.9419,567.5771
87.4273,-6.483873,326.3957,459.9165,567.5296
87.5273,-6.491167,326.4171,459.8911,567.482
87.6273,-6.498381,326.4387,459.8657,567.4346
87.7273,-6.505648,326.4601,459.8404,567.3872
87.8273,-6.512908,326.4816,459.815,567.3399
87.9273,-6.520179,326.5031,459.7897,567.2928
88.0273,-6.52746,326.5245,459.7644,567.2457
88.1273,-6.534705,326.546,459.7392,567.1988
88.2273,-6.542003,326.5675,459.7139,567.152
88.3273,-6.549228,326.589,459.6887,567.1052
88.4273,-6.556512,326.6105,459.6635,567.0585
88.5273,-6.563785,326.632,459.6384,567.0119
88.6273,-6.571078,326.6534,459.6132,566.9655
88.7273,-6.578383,326.6749,459.5881,566.919
88.8273,-6.585668,326.6964,459.563,566.8726
88.9273,-6.592997,326.7179,459.5379,566.8264
89.0273,-6.600252,326.7394,459.5129,566.7802
89.1273,-6.607567,326.7609,459.4878,566.734
89.2273,-6.614873,326.7824,459.4629,566.688
89.3273,-6.622194,326.8039,459.4379,566.642
89.4273,-6.629523,326.8254,459.4129,566.5961
89.5273,-6.636823,326.8469,459.388,566.5502
89.6273,-6.644158,326.8683,459.3631,566.5044
89.7273,-6.651407,326.8898,459.3382,566.4587
89.8273,-6.658703,326.9114,459.3133,566.4132
89.9273,-6.665987,326.9328,459.2885,566.3676
90.0273,-6.673276,326.9543,459.2637,566.3221
90.1273,-6.680562,326.9757,459.2389,566.2767
90.2273,-6.687814,326.9972,459.2142,566.2313
90.3273,-6.695107,327.0186,459.1894,566.186
90.4273,-6.702318,327.0401,459.1647,566.1408
90.5273,-6.709572,327.0616,459.14,566.0956
90.6273,-6.716812,327.0831,459.1154,566.0506
90.7273,-6.724063,327.1045,459.0907,566.0056
90.8273,-6.731319,327.1259,459.0661,565.9606
90.9273,-6.738547,327.1474,459.0415,565.9158
91.0273,-6.745829,327.1688,459.0169,565.871
91.1273,-6.753037,327.1903,458.9923,565.8263
91.2273,-6.760299,327.2118,458.9678,565.7818
91.3273,-6.767567,327.2332,458.9433,565.7372
91.4273,-6.774851,327.2547,458.9188,565.6928
91.5273,-6.782142,327.2761,458.8944,565.6484
91.6273,-6.789417,327.2976,458.8699,565.6041
91.7273,-6.796731,327.319,458.8455,565.5599
91.8273,-6.803982,327.3406,458.8211,565.5157
91.9273,-6.811285,327.3621,458.7967,565.4716
92.0273,-6.818579,327.3835,458.7724,565.4276
92.1273,-6.825887,327.405,458.7481,565.3836
92.2273,-6.833195,327.4264,458.7238,565.3397
92.3273,-6.840477,327.4479,458.6995,565.2959
92.4273,-6.847806,327.4693,458.6752,565.2521
92.5273,-6.855041,327.4908,458.651,565.2084
92.6273,-6.862326,327.5123,458.6267,565.1647
92.7273,-6.869603,327.5337,458.6026,565.1212
92.8273,-6.876889,327.5552,458.5784,565.0777
92.9273,-6.884171,327.5766,458.5542,565.0342
93.0273,-6.891428,327.5981,458.5301,564.9908
93.1273,-6.898716,327.6195,458.506,564.9475
93.2273,-6.905914,327.641,458.4819,564.9042
93.3273,-6.913161,327.6624,458.4578,564.861
93.4273,-6.920403,327.6838,458.4338,564.8179
93.5273,-6.92765,327.7053,458.4098,564.7748
93.6273,-6.934899,327.7267,458.3858,564.7319
93.7273,-6.942121,327.7481,458.3618,564.6889
93.8273,-6.949383,327.7695,458.3378,564.646
93.9273,-6.956574,327.791,458.3139,564.6032
94.0273,-6.963818,327.8124,458.29,564.5605
94.1273,-6.971049,327.8338,458.2661,564.5178
94.2273,-6.978301,327.8553,458.2423,564.4752
94.3273,-6.985564,327.8767,458.2184,564.4326
94.4273,-6.992805,327.8981,458.1946,564.3901
94.5273,-7.000087,327.9195,458.1708,564.3477
94.6273,-7.00731,327.941,458.147,564.3054
94.7273,-7.014579,327.9625,458.1232,564.263
94.8273,-7.021853,327.9839,458.0995,564.2208
94.9273,-7.029133,328.0053,458.0758,564.1787
95.0273,-7.036418,328.0267,458.0521,564.1366
95.1273,-7.043684,328.0482,458.0284,564.0945
95.2273,-7.05099,328.0696,458.0047,564.0525
95.3273,-7.058205,328.0911,457.9811,564.0106
95.4273,-7.065474,328.1125,457.9575,563.9687
95.5273,-7.072736,328.1339,457.9339,563.9269
95.6273,-7.080009,328.1553,457.9103,563.8851
95.7273,-7.087283,328.1768,457.8868,563.8434
95.8273,-7.094518,328.1982,457.8632,563.8017
95.9273,-7.101797,328.2196,457.8397,563.7602
96.0273,-7.108994,328.241,457.8162,563.7186
96.1273,-7.116227,328.2624,457.7927,563.6772
96.2273,-7.123448,328.2838,457.7693,563.6357
96.3273,-7.130685,328.3052,457.7459,563.5943
96.4273,-7.137906,328.3266,457.7225,563.5529
96.5273,-7.145112,328.348,457.6991,563.5116
96.6273,-7.152352,328.3694,457.6757,563.4704
96.7273,-7.15952,328.3908,457.6524,563.4292
96.8273,-7.166728,328.4122,457.629,563.3881
96.9273,-7.173943,328.4336,457.6057,563.347
97.0273,-7.181179,328.455,457.5824,563.306
97.1273,-7.188406,328.4764,457.5592,563.2651
97.2273,-7.195622,328.4978,457.5359,563.2242
97.3273,-7.202884,328.5192,457.5127,563.1834
97.4273,-7.210068,328.5407,457.4895,563.1426
97.5273,-7.217311,328.5621,457.4663,563.1019
97.6273,-7.224551,328.5835,457.4432,563.0611
97.7273,-7.231815,328.6049,457.42,563.0204
97.8273,-7.239085,328.6263,457.3969,562.9797
97.9273,-7.246326,328.6477,457.3738,562.9391
98.0273,-7.25361,328.669,457.3507,562.8986
98.1273,-7.260821,328.6905,457.3276,562.8581
98.2273,-7.268081,328.7119,457.3046,562.8177
98.3273,-7.275327,328.7333,457.2816,562.7773
98.4273,-7.282588,328.7547,457.2586,562.737
98.5273,-7.289852,328.7761,457.2356,562.6967
98.6273,-7.297084,328.7975,457.2126,562.6565
98.7273,-7.304342,328.8188,457.1897,562.6164
98.8273,-7.311514,328.8403,457.1667,562.5764
98.9273,-7.318738,328.8617,457.1439,562.5363
99.0273,-7.325948,328.883,457.121,562.4963
99.1273,-7.333165,328.9044,457.0981,562.4565
99.2273,-7.340383,328.9257,457.0753,562.4166
99.3273,-7.347571,328.9471,457.0524,562.3768
99.4273,-7.354786,328.9684,457.0296,562.3371
99.5273,-7.361925,328.9899,457.0068,562.2974
99.6273,-7.369111,329.0113,456.9841,562.2578
99.7273,-7.376298,329.0326,456.9613,562.2183
99.8273,-7.383499,329.0539,456.9386,562.1788
99.9273,-7.390704,329.0753,456.9159,562.1394
100.0273,-7.397891,329.0967,456.8932,562.1
100.1273,-7.40512,329.118,456.8706,562.0607
100.2273,-7.412286,329.1394,456.8479,562.0214
100.3273,-7.419507,329.1608,456.8253,561.9822
100.4273,-7.426725,329.1822,456.8027,561.9432
100.5273,-7.433968,329.2035,456.7801,561.9041
100.6273,-7.441219,329.2249,456.7575,561.8651
100.7273,-7.448448,329.2463,456.735,561.8262
100.8273,-7.455707,329.2676,456.7124,561.7873
100.9273,-7.462893,329.289,456.6899,561.7485
101.0273,-7.470133,329.3104,456.6674,561.7098
101.1273,-7.47736,329.3318,456.645,561.6711
101.2273,-7.484603,329.3531,456.6225,561.6325
101.3273,-7.491846,329.3745,456.6001,561.594
101.4273,-7.499052,329.3959,456.5777,561.5554
101.5273,-7.506298,329.4172,456.5553,561.517
101.6273,-7.513456,329.4386,456.5329,561.4786
101.7273,-7.520658,329.46,456.5106,561.4403
101.8273,-7.527848,329.4813,456.4882,561.402
101.9273,-7.535046,329.5026,456.4659,561.3639
102.0273,-7.542238,329.5239,456.4436,561.3258
102.1273,-7.549399,329.5453,456.4213,561.2876
102.2273,-7.556604,329.5666,456.3991,561.2497
102.3273,-7.563736,329.588,456.3769,561.2118
102.4273,-7.570902,329.6094,456.3546,561.1739
102.5273,-7.578071,329.6306,456.3324,561.1361
102.6273,-7.585258,329.652,456.3103,561.0984
102.7273,-7.592445,329.6733,456.2881,561.0607
102.8273,-7.599613,329.6946,456.266,561.023
102.9273,-7.606823,329.7159,456.2439,560.9855
103.0273,-7.613963,329.7373,456.2218,560.9481
103.1273,-7.621163,329.7587,456.1997,560.9108
103.2273,-7.628362,329.78,456.1776,560.8735
103.3273,-7.635574,329.8013,456.1556,560.8362
103.4273,-7.642785,329.8226,456.1335,560.7992
103.5273,-7.649986,329.844,456.1115,560.7621
103.6273,-7.657224,329.8653,456.0895,560.725
103.7273,-7.664384,329.8867,456.0676,560.6881
103.8273,-7.671593,329.908,456.0456,560.6511
103.9273,-7.678795,329.9293,456.0237,560.6143
104.0273,-7.686015,329.9507,456.0018,560.5775
104.1273,-7.693223,329.972,455.9799,560.5407
104.2273,-7.700409,329.9933,455.958,560.504
104.3273,-7.70764,330.0146,455.9362,560.4674
104.4273,-7.714781,330.036,455.9144,560.4308
104.5273,-7.721962,330.0574,455.8925,560.3944
104.6273,-7.729146,330.0786,455.8708,560.3579
104.7273,-7.736334,330.0999,455.849,560.3215
104.8273,-7.743513,330.1212,455.8272,560.2851
104.9273,-7.750675,330.1425,455.8055,560.2488
105.0273,-7.757866,330.1638,455.7838,560.2125
105.1273,-7.764976,330.1852,455.7621,560.1764
105.2273,-7.772135,330.2065,455.7404,560.1402
105.3273,-7.779297,330.2278,455.7188,560.1042
105.4273,-7.786462,330.249,455.6971,560.0682
105.5273,-7.793629,330.2703,455.6755,560.0322
105.6273,-7.800756,330.2916,455.6539,559.9963
105.7273,-7.807607,330.3119,455.6324,559.9605
105.8273,-7.813592,330.3307,455.6108,559.9248
105.9273,-7.818611,330.3477,455.5893,559.8892
106.0273,-7.822495,330.3627,455.5678,559.8538
106.1273,-7.825241,330.376,455.5463,559.8186
106.2273,-7.826856,330.3878,455.5248,559.7837
106.3273,-7.827372,330.3981,455.5033,559.7489
106.4273,-7.826929,330.407,455.4819,559.7144
106.5273,-7.825498,330.4149,455.4605,559.68
106.6273,-7.823305,330.4217,455.4391,559.6458
106.7273,-7.820399,330.4275,455.4178,559.6117
106.8273,-7.816897,330.4325,455.3965,559.5778
106.9273,-7.812861,330.4367,455.3752,559.5441
107.0273,-7.808372,330.4403,455.3539,559.5104
107.1273,-7.803576,330.4433,455.3327,559.4769
107.2273,-7.798419,330.4459,455.3116,559.4434
107.3273,-7.793107,330.448,455.2904,559.4101
107.4273,-7.787663,330.4496,455.2693,559.3768
107.5273,-7.782159,330.451,455.2482,559.3437
107.6273,-7.776626,330.452,455.2272,559.3106
107.7273,-7.771092,330.4529,455.2062,559.2776
107.8273,-7.76566,330.4534,455.1852,559.2448
107.9273,-7.760246,330.4539,455.1643,559.212
108.0273,-7.755004,330.4542,455.1434,559.1794
108.1273,-7.749916,330.4543,455.1225,559.1469
108.2273,-7.74501,330.4544,455.1017,559.1144
108.3273,-7.740295,330.4543,455.081,559.0821
108.4273,-7.735749,330.4542,455.0603,559.0499
108.5273,-7.731472,330.454,455.0396,559.0177
108.6273,-7.727331,330.4539,455.0189,558.9857
108.7273,-7.723453,330.4537,454.9983,558.9539
108.8273,-7.719805,330.4534,454.9778,558.9221
108.9273,-7.716398,330.4531,454.9572,558.8902
109.0273,-7.713209,330.4529,454.9368,558.8586
109.1273,-7.710214,330.4526,454.9163,558.827
109.2273,-7.707485,330.4523,454.896,558.7954
109.3273,-7.704874,330.4521,454.8757,558.764
109.4273,-7.702516,330.4519,454.8554,558.7327
109.5273,-7.700353,330.4516,454.8351,558.7014
109.6273,-7.698391,330.4514,454.8149,558.6702
109.7273,-7.696598,330.4511,454.7948,558.6392
109.8273,-7.694938,330.451,454.7747,558.6081
109.9273,-7.693479,330.4507,454.7546,558.5772
110.0273,-7.692091,330.4506,454.7346,558.5463
110.1273,-7.69089,330.4505,454.7147,558.5155
110.2273,-7.689803,330.4503,454.6948,558.4848
110.3273,-7.688846,330.4502,454.6749,558.4541
110.4273,-7.688,330.45,454.6551,558.4235
110.5273,-7.687222,330.45,454.6353,558.3929
110.6273,-7.686565,330.4498,454.6156,558.3624
110.7273,-7.685907,330.4498,454.596,558.332
110.8273,-7.685383,330.4497,454.5764,558.3016
110.9273,-7.684937,330.4496,454.5568,558.2713
111.0273,-7.68458,330.4495,454.5373,558.241
111.1273,-7.684272,330.4495,454.5178,558.2107
111.2273,-7.683989,330.4495,454.4984,558.1805
111.3273,-7.683817,330.4494,454.479,558.1504
111.4273,-7.683602,330.4494,454.4597,558.1203
111.5273,-7.683476,330.4495,454.4404,558.0902
111.6273,-7.683392,330.4494,454.4211,558.0602
111.7273,-7.683361,330.4494,454.402,558.0302
111.8273,-7.683368,330.4494,454.3828,558.0002
111.9273,-7.683371,330.4494,454.3637,557.9703
112.0273,-7.683464,330.4494,454.3446,557.9404
112.1273,-7.683478,330.4495,454.3256,557.9106
112.2273,-7.683571,330.4495,454.3066,557.8807
112.3273,-7.683691,330.4495,454.2877,557.8509
112.4273,-7.68383,330.4496,454.2688,557.821
112.5273,-7.683987,330.4496,454.25,557.7913
112.6273,-7.684125,330.4496,454.2312,557.7616
112.7273,-7.684316,330.4496,454.2124,557.7319
112.8273,-7.684424,330.4497,454.1938,557.7022
112.9273,-7.684593,330.4498,454.1751,557.6726
113.0273,-7.684757,330.4498,454.1565,557.643
113.1273,-7.684931,330.4498,454.1378,557.6135
113.2273,-7.685106,330.4498,454.1193,557.584
113.3273,-7.685244,330.4499,454.1008,557.5545
113.4273,-7.68543,330.4499,454.0823,557.525
113.5273,-7.685519,330.45,454.0639,557.4956
113.6273,-7.685652,330.4501,454.0455,557.4662
113.7273,-7.685787,330.45,454.0272,557.4369
113.8273,-7.685929,330.4501,454.0089,557.4076
113.9273,-7.686062,330.4501,453.9906,557.3783
114.0273,-7.686177,330.4501,453.9723,557.349
114.1273,-7.686336,330.4501,453.9542,557.3198
114.2273,-7.686395,330.4502,453.936,557.2906
114.3273,-7.68652,330.4503,453.9179,557.2615
114.4273,-7.686645,330.4502,453.8998,557.2324
114.5273,-7.686784,330.4503,453.8817,557.2033
114.6273,-7.686923,330.4503,453.8637,557.1743
114.7273,-7.687044,330.4503,453.8457,557.1453
114.8273,-7.687211,330.4503,453.8278,557.1163
114.9273,-7.687303,330.4504,453.8099,557.0874
115.0273,-7.687444,330.4505,453.792,557.0585
115.1273,-7.687579,330.4505,453.7741,557.0296
115.2273,-7.687732,330.4505,453.7563,557.0008
115.3273,-7.687891,330.4505,453.7386,556.972
115.4273,-7.688017,330.4506,453.7208,556.9433
115.5273,-7.688183,330.4506,453.7031,556.9145
115.6273,-7.688257,330.4507,453.6854,556.8859
115.7273,-7.688385,330.4507,453.6678,556.8572
115.8273,-7.688507,330.4507,453.6502,556.8286
115.9273,-7.688634,330.4508,453.6326,556.8001
116.0273,-7.688759,330.4508,453.615,556.7716
116.1273,-7.688847,330.4508,453.5975,556.7431
116.2273,-7.688978,330.4508,453.5801,556.7147
116.3273,-7.689024,330.4509,453.5626,556.6863
116.4273,-7.68911,330.451,453.5452,556.658
116.5273,-7.689197,330.451,453.5278,556.6296
116.6273,-7.689301,330.451,453.5104,556.6014
116.7273,-7.689401,330.451,453.4931,556.5731
116.8273,-7.689469,330.451,453.4758,556.545
116.9273,-7.689592,330.451,453.4585,556.5168
117.0273,-7.689618,330.4511,453.4413,556.4887
117.1273,-7.689704,330.4511,453.424,556.4606
117.2273,-7.689798,330.4511,453.4068,556.4326
117.3273,-7.689899,330.4511,453.3897,556.4046
117.4273,-7.690001,330.4511,453.3726,556.3765
117.5273,-7.690079,330.4512,453.3555,556.3486
117.6273,-7.690212,330.4512,453.3384,556.3207
117.7273,-7.690244,330.4513,453.3213,556.2929
117.8273,-7.690338,330.4513,453.3043,556.2651
117.9273,-7.690446,330.4513,453.2873,556.2373
118.0273,-7.690548,330.4514,453.2704,556.2094
118.1273,-7.690669,330.4514,453.2534,556.1818
118.2273,-7.690751,330.4514,453.2365,556.1541
118.3273,-7.690893,330.4514,453.2196,556.1264
118.4273,-7.690933,330.4515,453.2028,556.0988
118.5273,-7.691035,330.4516,453.186,556.0712
118.6273,-7.691135,330.4516,453.1691,556.0437
118.7273,-7.691244,330.4516,453.1524,556.0162
118.8273,-7.691357,330.4517,453.1356,555.9888
118.9273,-7.691452,330.4517,453.1189,555.9614
119.0273,-7.691579,330.4517,453.1022,555.934
119.1273,-7.691625,330.4518,453.0855,555.9066
119.2273,-7.691727,330.4519,453.0689,555.8793
119.3273,-7.691826,330.4519,453.0523,555.852
119.4273,-7.691924,330.4519,453.0357,555.8248
119.5273,-7.692026,330.4519,453.0191,555.7976
119.6273,-7.692094,330.452,453.0026,555.7704
119.7273,-7.692225,330.4519,452.986,555.7433
119.8273,-7.692257,330.452,452.9695,555.7161
119.9273,-7.692339,330.4521,452.9531,555.6891
120.0273,-7.692415,330.4521,452.9366,555.6621
120.1273,-7.692518,330.4521,452.9202,555.6351
120.2273,-7.692596,330.4521,452.9038,555.6082
120.3273,-7.692671,330.4522,452.8874,555.5813
120.4273,-7.692773,330.4522,452.871,555.5544
120.5273,-7.692797,330.4523,452.8547,555.5275
120.6273,-7.692872,330.4524,452.8384,555.5008
120.7273,-7.692951,330.4524,452.8221,555.474
120.8273,-7.693044,330.4524,452.8059,555.4473
120.9273,-7.69315,330.4524,452.7896,555.4205
121.0273,-7.693223,330.4525,452.7734,555.3939
121.1273,-7.693344,330.4525,452.7572,555.3672
121.2273,-7.693381,330.4526,452.7411,555.3406
121.3273,-7.693486,330.4526,452.7249,555.3141
121.4273,-7.69359,330.4527,452.7088,555.2876
121.5273,-7.69371,330.4527,452.6927,555.2612
121.6273,-7.693829,330.4527,452.6766,555.2347
121.7273,-7.693919,330.4528,452.6605,555.2083
121.8273,-7.694061,330.4528,452.6445,555.182
121.9273,-7.694105,330.4529,452.6285,555.1556
122.0273,-7.694199,330.453,452.6125,555.1293
122.1273,-7.694304,330.453,452.5965,555.1031
122.2273,-7.694403,330.453,452.5806,555.0769
122.3273,-7.694511,330.453,452.5647,555.0507
122.4273,-7.694591,330.4531,452.5488,555.0245
122.5273,-7.694712,330.4531,452.5329,554.9984
122.6273,-7.694746,330.4532,452.517,554.9724
122.7273,-7.694828,330.4532,452.5012,554.9464
122.8273,-7.694906,330.4532,452.4854,554.9204
122.9273,-7.694983,330.4533,452.4696,554.8944
123.0273,-7.695068,330.4533,452.4538,554.8685
123.1273,-7.695117,330.4534,452.438,554.8426
123.2273,-7.695214,330.4534,452.4223,554.8168
123.3273,-7.695232,330.4534,452.4066,554.7909
123.4273,-7.695294,330.4535,452.3909,554.7652
123.5273,-7.69537,330.4535,452.3753,554.7394
123.6273,-7.695451,330.4536,452.3596,554.7137
123.7273,-7.695546,330.4536,452.344,554.688
123.8273,-7.695612,330.4537,452.3284,554.6624
123.9273,-7.695736,330.4537,452.3128,554.6368
124.0273,-7.695772,330.4538,452.2972,554.6112
124.1273,-7.695867,330.4539,452.2817,554.5857
124.2273,-7.695973,330.4539,452.2661,554.5602
124.3273,-7.696096,330.4539,452.2506,554.5348
124.4273,-7.696215,330.4539,452.2351,554.5093
124.5273,-7.696318,330.454,452.2197,554.484
124.6273,-7.696457,330.454,452.2042,554.4587
124.7273,-7.696506,330.4541,452.1888,554.4334
124.8273,-7.696608,330.4542,452.1734,554.4082
124.9273,-7.696709,330.4542,452.158,554.383
125.0273,-7.696809,330.4543,452.1426,554.3578
125.1273,-7.696914,330.4543,452.1273,554.3327
125.2273,-7.696983,330.4544,452.112,554.3077
125.3273,-7.697097,330.4544,452.0967,554.2826
125.4273,-7.69713,330.4545,452.0814,554.2576
125.5273,-7.697202,330.4545,452.0661,554.2326
125.6273,-7.697275,330.4545,452.0508,554.2077
125.7273,-7.697363,330.4546,452.0356,554.1828
125.8273,-7.697426,330.4546,452.0204,554.1579
125.9273,-7.697475,330.4547,452.0052,554.1331
126.0273,-7.697579,330.4547,451.9901,554.1083
126.1273,-7.697594,330.4548,451.9749,554.0835
126.2273,-7.697666,330.4549,451.9598,554.0588
126.3273,-7.69774,330.4549,451.9447,554.0342
126.4273,-7.69783,330.4549,451.9296,554.0095
126.5273,-7.697919,330.455,451.9145,553.9848
126.6273,-7.697992,330.455,451.8995,553.9602
126.7273,-7.698111,330.455,451.8845,553.9357
126.8273,-7.698147,330.4551,451.8694,553.9112
126.9273,-7.698247,330.4552,451.8545,553.8867
127.0273,-7.69834,330.4552,451.8395,553.8622
127.1273,-7.698445,330.4553,451.8245,553.8378
127.2273,-7.698557,330.4553,451.8096,553.8134
127.3273,-7.698642,330.4554,451.7947,553.7891
127.4273,-7.69877,330.4554,451.7798,553.7648
127.5273,-7.698821,330.4555,451.7649,553.7405
127.6273,-7.698914,330.4556,451.75,553.7162
127.7273,-7.699004,330.4557,451.7352,553.692
127.8273,-7.699107,330.4557,451.7203,553.6679
127.9273,-7.699203,330.4557,451.7055,553.6437
128.0273,-7.699274,330.4558,451.6907,553.6197
128.1273,-7.699397,330.4558,451.676,553.5956
128.2273,-7.699416,330.4559,451.6612,553.5715
128.3273,-7.699494,330.456,451.6465,553.5475
128.4273,-7.69958,330.456,451.6318,553.5236
128.5273,-7.699664,330.4561,451.6171,553.4996
128.6273,-7.699745,330.4561,451.6024,553.4757
128.7273,-7.699811,330.4562,451.5877,553.4519
128.8273,-7.69991,330.4562,451.5731,553.4281
128.9273,-7.699922,330.4563,451.5585,553.4043
129.0273,-7.699997,330.4564,451.5439,553.3805
129.1273,-7.700063,330.4564,451.5292,553.3568
129.2273,-7.70015,330.4564,451.5147,553.3331
129.3273,-7.700242,330.4565,451.5001,553.3095
129.4273,-7.700311,330.4565,451.4856,553.2859
129.5273,-7.700416,330.4565,451.471,553.2623
129.6273,-7.700454,330.4567,451.4566,553.2388
129.7273,-7.700535,330.4568,451.4421,553.2153
129.8273,-7.700621,330.4568,451.4276,553.1918
129.9273,-7.700722,330.4568,451.4132,553.1683
130.0273,-7.700811,330.4569,451.3987,553.1449
130.1273,-7.700882,330.457,451.3843,553.1216
130.2273,-7.701013,330.457,451.3699,553.0983
130.3273,-7.701055,330.4571,451.3555,553.075
130.4273,-7.70114,330.4572,451.3412,553.0518
130.5273,-7.701231,330.4572,451.3268,553.0285
130.6273,-7.701325,330.4573,451.3125,553.0053
130.7273,-7.70142,330.4573,451.2982,552.9822
130.8273,-7.701491,330.4574,451.2839,552.9591
130.9273,-7.70161,330.4574,451.2696,552.936
131.0273,-7.70164,330.4575,451.2554,552.9129
131.1273,-7.701727,330.4577,451.2411,552.8899
131.2273,-7.701809,330.4577,451.2269,552.8669
131.3273,-7.701908,330.4577,451.2127,552.844
131.4273,-7.702,330.4577,451.1985,552.821
131.5273,-7.702061,330.4578,451.1843,552.7982
131.6273,-7.702169,330.4578,451.1701,552.7753
131.7273,-7.702186,330.458,451.156,552.7525
131.8273,-7.702259,330.458,451.1419,552.7298
131.9273,-7.702338,330.4581,451.1278,552.707
132.0273,-7.702414,330.4581,451.1137,552.6843
132.1273,-7.702494,330.4581,451.0997,552.6616
132.2273,-7.702546,330.4582,451.0856,552.639
132.3273,-7.702648,330.4582,451.0715,552.6164
132.4273,-7.702654,330.4584,451.0575,552.5938
132.5273,-7.702733,330.4585,451.0435,552.5712
132.6273,-7.702808,330.4585,451.0295,552.5487
132.7273,-7.702897,330.4585,451.0156,552.5261
132.8273,-7.702987,330.4586,451.0016,552.5036
132.9273,-7.703053,330.4587,450.9877,552.4811
133.0273,-7.703164,330.4587,450.9737,552.4587
133.1273,-7.703199,330.4588,450.9598,552.4363
133.2273,-7.703284,330.4589,450.946,552.4139
133.3273,-7.70338,330.459,450.9321,552.3916
133.4273,-7.703482,330.459,450.9182,552.3692
133.5273,-7.703579,330.4591,450.9044,552.3469
133.6273,-7.703656,330.4591,450.8906,552.3247
133.7273,-7.703783,330.4592,450.8768,552.3025
133.8273,-7.703825,330.4593,450.863,552.2803
133.9273,-7.703918,330.4594,450.8492,552.2582
134.0273,-7.704011,330.4594,450.8355,552.2361
134.1273,-7.704109,330.4595,450.8218,552.214
134.2273,-7.704205,330.4596,450.808,552.192
134.3273,-7.704272,330.4596,450.7943,552.1699
134.4273,-7.704386,330.4596,450.7806,552.148
134.5273,-7.7044,330.4598,450.767,552.126
134.6273,-7.704463,330.4599,450.7533,552.104
134.7273,-7.704539,330.4599,450.7397,552.0821
134.8273,-7.704612,330.4599,450.7261,552.0603
134.9273,-7.704695,330.46,450.7124,552.0384
135.0273,-7.704738,330.4601,450.6989,552.0166
135.1273,-7.704817,330.4601,450.6853,551.9948
135.2273,-7.704834,330.4602,450.6718,551.9731
135.3273,-7.704894,330.4603,450.6582,551.9514
135.4273,-7.704966,330.4603,450.6447,551.9297
135.5273,-7.705051,330.4604,450.6312,551.908
135.6273,-7.705138,330.4604,450.6177,551.8865
135.7273,-7.705203,330.4605,450.6042,551.8649
135.8273,-7.705315,330.4606,450.5908,551.8434
135.9273,-7.705356,330.4607,450.5773,551.8219
136.0273,-7.705447,330.4608,450.5639,551.8004
136.1273,-7.705551,330.4608,450.5505,551.779
136.2273,-7.705651,330.4609,450.5371,551.7576
136.3273,-7.70576,330.4609,450.5237,551.7362
136.4273,-7.705839,330.461,450.5104,551.7149
136.5273,-7.705973,330.4611,450.497,551.6936
136.6273,-7.706012,330.4612,450.4837,551.6724
136.7273,-7.706095,330.4613,450.4704,551.6511
136.8273,-7.706189,330.4614,450.4571,551.6299
136.9273,-7.706306,330.4614,450.4438,551.6088
137.0273,-7.706387,330.4615,450.4305,551.5877
137.1273,-7.706448,330.4616,450.4173,551.5666
137.2273,-7.70656,330.4616,450.4041,551.5455
137.3273,-7.706585,330.4617,450.3908,551.5245
137.4273,-7.70665,330.4618,450.3776,551.5035
137.5273,-7.706716,330.4619,450.3644,551.4825
137.6273,-7.706784,330.4619,450.3513,551.4616
137.7273,-7.706858,330.462,450.3381,551.4407
137.8273,-7.706909,330.4621,450.325,551.4198
137.9273,-7.707005,330.4621,450.3119,551.399
138.0273,-7.707011,330.4622,450.2988,551.3782
138.1273,-7.707077,330.4623,450.2857,551.3574
138.2273,-7.707142,330.4623,450.2726,551.3367
138.3273,-7.70722,330.4624,450.2595,551.3159
138.4273,-7.707303,330.4624,450.2465,551.2952
138.5273,-7.707366,330.4625,450.2335,551.2746
138.6273,-7.707476,330.4626,450.2205,551.254
138.7273,-7.707505,330.4627,450.2075,551.2335
138.8273,-7.707585,330.4628,450.1945,551.2129
138.9273,-7.707682,330.4629,450.1815,551.1924
139.0273,-7.707775,330.4629,450.1686,551.1719
139.1273,-7.707866,330.463,450.1556,551.1515
139.2273,-7.70794,330.4631,450.1427,551.131
139.3273,-7.708064,330.4631,450.1298,551.1107
139.4273,-7.708102,330.4632,450.117,551.0903
139.5273,-7.70818,330.4634,450.1041,551.07
139.6273,-7.708263,330.4634,450.0912,551.0497
139.7273,-7.708359,330.4635,450.0784,551.0295
139.8273,-7.708451,330.4635,450.0655,551.0093
139.9273,-7.708516,330.4636,450.0527,550.9891
140.0273,-7.708621,330.4637,450.0399,550.9689
140.1273,-7.708643,330.4638,450.0272,550.9488
140.2273,-7.708709,330.4639,450.0144,550.9287
140.3273,-7.708787,330.464,450.0017,550.9087
140.4273,-7.708866,330.464,449.9889,550.8886
140.5273,-7.708945,330.4641,449.9762,550.8686
140.6273,-7.709,330.4642,449.9635,550.8487
140.7273,-7.709105,330.4642,449.9508,550.8288
140.8273,-7.709125,330.4643,449.9382,550.8089
140.9273,-7.709186,330.4645,449.9255,550.789
141.0273,-7.709262,330.4645,449.9129,550.7691
141.1273,-7.70933,330.4645,449.9003,550.7493
141.2273,-7.709411,330.4646,449.8877,550.7296
141.3273,-7.709468,330.4647,449.8751,550.7098
141.4273,-7.709566,330.4647,449.8625,550.6901
141.5273,-7.709584,330.4649,449.8499,550.6705
141.6273,-7.709656,330.465,449.8374,550.6508
141.7273,-7.709741,330.465,449.8249,550.6312
141.8273,-7.709827,330.4651,449.8124,550.6116
141.9273,-7.709922,330.4652,449.7998,550.5921
142.0273,-7.709986,330.4653,449.7874,550.5726
142.1273,-7.710091,330.4653,449.7749,550.5531
142.2273,-7.710131,330.4655,449.7624,550.5336
142.3273,-7.710207,330.4656,449.75,550.5142
142.4273,-7.710289,330.4656,449.7376,550.4948
142.5273,-7.710386,330.4657,449.7252,550.4755
142.6273,-7.71048,330.4658,449.7128,550.4562
142.7273,-7.71054,330.4659,449.7004,550.437
142.8273,-7.71066,330.4659,449.688,550.4178
142.9273,-7.710701,330.466,449.6757,550.3986
143.0273,-7.710767,330.4662,449.6634,550.3795
143.1273,-7.71085,330.4662,449.651,550.3604
143.2273,-7.71093,330.4663,449.6387,550.3413
143.3273,-7.711019,330.4664,449.6264,550.3223
143.4273,-7.71108,330.4665,449.6142,550.3033
143.5273,-7.711182,330.4665,449.6019,550.2843
143.6273,-7.711205,330.4666,449.5897,550.2654
143.7273,-7.711268,330.4668,449.5775,550.2464
143.8273,-7.711335,330.4668,449.5652,550.2276
143.9273,-7.711401,330.4669,449.5531,550.2087
144.0273,-7.711475,330.4669,449.5408,550.1899
144.1273,-7.711521,330.467,449.5287,550.1711
144.2273,-7.711605,330.4671,449.5165,550.1524
144.3273,-7.711623,330.4672,449.5044,550.1336
144.4273,-7.711681,330.4673,449.4923,550.1149
144.5273,-7.711751,330.4674,449.4802,550.0963
144.6273,-7.711821,330.4675,449.4681,550.0777
144.7273,-7.711899,330.4675,449.456,550.059
144.8273,-7.711955,330.4676,449.4439,550.0405
144.9273,-7.712067,330.4677,449.4319,550.0219
145.0273,-7.712093,330.4678,449.4199,550.0034
145.1273,-7.712166,330.4679,449.4079,549.9849
145.2273,-7.71225,330.468,449.3959,549.9665
145.3273,-7.712356,330.4681,449.3839,549.9481
145.4273,-7.712447,330.4681,449.3719,549.9297
145.5273,-7.712521,330.4683,449.3599,549.9114
145.6273,-7.712636,330.4683,449.348,549.893
145.7273,-7.712675,330.4684,449.3361,549.8747
145.8273,-7.712763,330.4686,449.3241,549.8565
145.9273,-7.712844,330.4686,449.3122,549.8383
146.0273,-7.712908,330.4687,449.3004,549.8201
146.1273,-7.713004,330.4688,449.2885,549.802
146.2273,-7.71307,330.4689,449.2766,549.7839
146.3273,-7.713162,330.4689,449.2648,549.7658
146.4273,-7.71319,330.4691,449.253,549.7478
146.5273,-7.713249,330.4692,449.2412,549.7297
146.6273,-7.713316,330.4693,449.2294,549.7117
146.7273,-7.713389,330.4693,449.2176,549.6938
146.8273,-7.71346,330.4694,449.2058,549.6759
146.9273,-7.713499,330.4695,449.1941,549.658
147.0273,-7.713592,330.4696,449.1823,549.6401
147.1273,-7.713606,330.4697,449.1706,549.6223
147.2273,-7.713657,330.4698,449.1589,549.6045
147.3273,-7.71372,330.4699,449.1472,549.5867
147.4273,-7.713794,330.4699,449.1355,549.569
147.5273,-7.713874,330.47,449.1239,549.5513
147.6273,-7.713928,330.4701,449.1122,549.5336
147.7273,-7.714029,330.4702,449.1006,549.5159
147.8273,-7.71405,330.4703,449.0889,549.4983
147.9273,-7.714127,330.4705,449.0774,549.4807
148.0273,-7.714219,330.4705,449.0658,549.4631
148.1273,-7.71431,330.4706,449.0542,549.4456
148.2273,-7.714407,330.4707,449.0426,549.4281
148.3273,-7.714477,330.4708,449.0311,549.4106
148.4273,-7.714593,330.4709,449.0195,549.3932
148.5273,-7.714633,330.471,449.008,549.3758
148.6273,-7.714714,330.4711,448.9965,549.3584
148.7273,-7.714798,330.4712,448.985,549.341
148.8273,-7.714894,330.4713,448.9736,549.3237
148.9273,-7.714977,330.4714,448.9621,549.3064
149.0273,-7.715031,330.4715,448.9507,549.2892
149.1273,-7.715125,330.4715,448.9392,549.2719
149.2273,-7.715152,330.4717,448.9278,549.2547
149.3273,-7.715214,330.4718,448.9164,549.2376
149.4273,-7.715278,330.4719,448.905,549.2204
149.5273,-7.715335,330.4719,448.8936,549.2033
149.6273,-7.71541,330.472,448.8823,549.1862
149.7273,-7.715454,330.4721,448.871,549.1692
149.8273,-7.715536,330.4722,448.8596,549.1521
149.9273,-7.715554,330.4723,448.8483,549.1351
150.0273,-7.715609,330.4724,448.837,549.1182
150.1273,-7.715674,330.4725,448.8257,549.1012
150.2273,-7.71574,330.4726,448.8144,549.0843
150.3273,-7.715813,330.4727,448.8032,549.0675
150.4273,-7.715866,330.4728,448.7919,549.0506
150.5273,-7.715961,330.4728,448.7807,549.0338
150.6273,-7.715997,330.473,448.7695,549.017
150.7273,-7.716071,330.4731,448.7583,549.0002
150.8273,-7.716152,330.4732,448.7471,548.9835
150.9273,-7.716241,330.4733,448.7359,548.9668
151.0273,-7.716327,330.4733,448.7247,548.9501
151.1273,-7.71639,330.4735,448.7136,548.9335
151.2273,-7.716494,330.4735,448.7025,548.9169
151.3273,-7.716526,330.4737,448.6914,548.9003
151.4273,-7.716591,330.4738,448.6803,548.8837
151.5273,-7.716674,330.4739,448.6692,548.8672
151.6273,-7.716751,330.474,448.6581,548.8507
151.7273,-7.716824,330.4741,448.647,548.8343
151.8273,-7.716881,330.4742,448.636,548.8178
151.9273,-7.716969,330.4742,448.6249,548.8014
152.0273,-7.716993,330.4744,448.6139,548.7851
152.1273,-7.717068,330.4745,448.6029,548.7687
152.2273,-7.717135,330.4746,448.592,548.7524
152.3273,-7.717203,330.4747,448.581,548.7361
152.4273,-7.717277,330.4748,448.57,548.7198
152.5273,-7.717324,330.4749,448.5591,548.7036
152.6273,-7.717407,330.4749,448.5481,548.6874
152.7273,-7.717432,330.4751,448.5372,548.6712
152.8273,-7.717502,330.4752,448.5263,548.6551
152.9273,-7.717568,330.4753,448.5154,548.6389
153.0273,-7.717639,330.4753,448.5045,548.6228
153.1273,-7.717716,330.4754,448.4937,548.6068
153.2273,-7.717767,330.4755,448.4828,548.5908
153.3273,-7.717861,330.4756,448.472,548.5748
153.4273,-7.717875,330.4758,448.4612,548.5588
153.5273,-7.717935,330.4759,448.4504,548.5429
153.6273,-7.718007,330.4759,448.4396,548.527
153.7273,-7.718069,330.4761,448.4288,548.511
153.8273,-7.718161,330.4761,448.418,548.4952
153.9273,-7.718211,330.4763,448.4073,548.4793
154.0273,-7.718309,330.4763,448.3965,548.4635
154.1273,-7.718346,330.4765,448.3858,548.4478
154.2273,-7.71841,330.4766,448.3751,548.432
154.3273,-7.718487,330.4767,448.3644,548.4163
154.4273,-7.71857,330.4768,448.3537,548.4006
154.5273,-7.718658,330.4769,448.3431,548.385
154.6273,-7.718721,330.477,448.3324,548.3693
154.7273,-7.718828,330.4771,448.3218,548.3536
154.8273,-7.718866,330.4772,448.3112,548.338
154.9273,-7.718935,330.4774,448.3005,548.3224
155.0273,-7.719017,330.4774,448.29,548.3069
155.1273,-7.719091,330.4775,448.2794,548.2914
155.2273,-7.719163,330.4776,448.2688,548.2758
155.3273,-7.719214,330.4777,448.2583,548.2603
155.4273,-7.719314,330.4778,448.2477,548.2449
155.5273,-7.71933,330.4779,448.2372,548.2294
155.6273,-7.719389,330.4781,448.2267,548.214
155.7273,-7.719452,330.4781,448.2162,548.1987
155.8273,-7.719523,330.4782,448.2057,548.1833
155.9273,-7.719585,330.4783,448.1952,548.168
156.0273,-7.719616,330.4784,448.1848,548.1527
156.1273,-7.719702,330.4785,448.1743,548.1375
156.2273,-7.719722,330.4787,448.1639,548.1222
156.3273,-7.719782,330.4788,448.1535,548.107
156.4273,-7.719843,330.4789,448.1431,548.0918
156.5273,-7.719908,330.479,448.1327,548.0767
156.6273,-7.719977,330.4791,448.1223,548.0616
156.7273,-7.720029,330.4792,448.112,548.0465
156.8273,-7.720118,330.4792,448.1016,548.0314
156.9273,-7.720144,330.4794,448.0913,548.0164
157.0273,-7.720203,330.4795,448.081,548.0014
157.1273,-7.720281,330.4796,448.0707,547.9864
157.2273,-7.720363,330.4797,448.0604,547.9714
157.3273,-7.720459,330.4798,448.0501,547.9565
157.4273,-7.720527,330.4799,448.0398,547.9416
157.5273,-7.720639,330.48,448.0296,547.9267
157.6273,-7.720678,330.4802,448.0193,547.9119
157.7273,-7.720752,330.4803,448.0091,547.8971
157.8273,-7.720826,330.4804,447.9989,547.8822
157.9273,-7.720898,330.4805,447.9887,547.8675
158.0273,-7.720986,330.4806,447.9785,547.8527
158.1273,-7.721039,330.4807,447.9683,547.8381
158.2273,-7.721124,330.4808,447.9582,547.8234
158.3273,-7.721152,330.4809,447.948,547.8087
158.4273,-7.721202,330.4811,447.9379,547.7941
158.5273,-7.72127,330.4812,447.9278,547.7795
158.6273,-7.721333,330.4812,447.9177,547.7649
158.7273,-7.721394,330.4813,447.9076,547.7504
158.8273,-7.721433,330.4815,447.8975,547.7359
158.9273,-7.721511,330.4815,447.8875,547.7214
159.0273,-7.721518,330.4817,447.8774,547.7069
159.1273,-7.72157,330.4818,447.8674,547.6925
159.2273,-7.721633,330.4819,447.8574,547.6781
159.3273,-7.721697,330.482,447.8474,547.6637
159.4273,-7.721764,330.4821,447.8374,547.6494
159.5273,-7.721809,330.4822,447.8274,547.635
159.6273,-7.721906,330.4823,447.8174,547.6207
159.7273,-7.721925,330.4825,447.8074,547.6065
159.8273,-7.721981,330.4826,447.7975,547.5922
159.9273,-7.722063,330.4827,447.7876,547.578
160.0273,-7.722146,330.4828,447.7777,547.5638
160.1273,-7.72223,330.4829,447.7678,547.5496
160.2273,-7.722299,330.483,447.7579,547.5355
160.3273,-7.722395,330.4831,447.748,547.5214
160.4273,-7.722415,330.4833,447.7381,547.5073
160.5273,-7.722491,330.4834,447.7283,547.4932
160.6273,-7.722566,330.4835,447.7185,547.4792
160.7273,-7.722645,330.4836,447.7086,547.4652
160.8273,-7.722733,330.4837,447.6988,547.4512
160.9273,-7.722785,330.4838,447.689,547.4372
161.0273,-7.722877,330.4839,447.6793,547.4233
161.1273,-7.722896,330.484,447.6695,547.4094
161.2273,-7.72295,330.4842,447.6597,547.3955
161.3273,-7.723012,330.4843,447.65,547.3817
161.4273,-7.723078,330.4844,447.6403,547.3679
161.5273,-7.723136,330.4845,447.6305,547.3541
161.6273,-7.72318,330.4846,447.6208,547.3403
161.7273,-7.723256,330.4847,447.6112,547.3266
161.8273,-7.723269,330.4848,447.6015,547.3129
161.9273,-7.72332,330.4849,447.5918,547.2992
162.0273,-7.723378,330.485,447.5822,547.2855
162.1273,-7.723444,330.4851,447.5726,547.2719
162.2273,-7.723514,330.4852,447.5629,547.2583
162.3273,-7.723563,330.4854,447.5533,547.2447
162.4273,-7.723652,330.4854,447.5437,547.2311
162.5273,-7.72368,330.4856,447.5341,547.2176
162.6273,-7.723745,330.4858,447.5246,547.2041
162.7273,-7.723812,330.4858,447.515,547.1907
162.8273,-7.723887,330.4859,447.5055,547.1772
162.9273,-7.723969,330.4861,447.496,547.1638
163.0273,-7.724025,330.4862,447.4864,547.1504
163.1273,-7.724121,330.4862,447.4769,547.1371
163.2273,-7.724155,330.4864,447.4674,547.1237
163.3273,-7.724219,330.4866,447.458,547.1104
163.4273,-7.72429,330.4867,447.4485,547.0971
163.5273,-7.724369,330.4868,447.4391,547.0839
163.6273,-7.724444,330.4869,447.4296,547.0707
163.7273,-7.724494,330.487,447.4202,547.0575
163.8273,-7.72459,330.4871,447.4108,547.0443
163.9273,-7.724611,330.4872,447.4014,547.0311
164.0273,-7.724662,330.4874,447.392,547.0181
164.1273,-7.724732,330.4875,447.3826,547.005
164.2273,-7.724796,330.4876,447.3733,546.9919
164.3273,-7.724861,330.4877,447.364,546.9789
164.4273,-7.724902,330.4879,447.3546,546.9658
164.5273,-7.724985,330.4879,447.3453,546.9529
164.6273,-7.725007,330.488,447.336,546.9399
164.7273,-7.725068,330.4882,447.3267,546.927
164.8273,-7.725106,330.4883,447.3174,546.9141
164.9273,-7.725194,330.4884,447.3081,546.9012
165.0273,-7.725238,330.4885,447.2989,546.8884
165.1273,-7.725281,330.4887,447.2897,546.8755
165.2273,-7.725373,330.4887,447.2804,546.8627
165.3273,-7.725405,330.4889,447.2712,546.8499
165.4273,-7.725472,330.489,447.262,546.8372
165.5273,-7.725541,330.4891,447.2528,546.8245
165.6273,-7.72565,330.4892,447.2437,546.8118
165.7273,-7.725704,330.4893,447.2345,546.7991
165.8273,-7.725753,330.4895,447.2253,546.7865
165.9273,-7.725858,330.4895,447.2162,546.7739
166.0273,-7.725889,330.4897,447.2071,546.7613
166.1273,-7.725957,330.4899,447.198,546.7488
166.2273,-7.726,330.49,447.1889,546.7362
166.3273,-7.726104,330.49,447.1798,546.7237
166.4273,-7.726134,330.4902,447.1707,546.7112
166.5273,-7.726173,330.4903,447.1617,546.6988
166.6273,-7.726269,330.4904,447.1526,546.6864
166.7273,-7.726277,330.4906,447.1436,546.674
166.8273,-7.726341,330.4907,447.1346,546.6616
166.9273,-7.726405,330.4908,447.1256,546.6492
167.0273,-7.726501,330.4909,447.1166,546.6369
167.1273,-7.726531,330.491,447.1076,546.6246
167.2273,-7.72658,330.4912,447.0986,546.6123
167.3273,-7.726677,330.4912,447.0897,546.6001
167.4273,-7.726704,330.4914,447.0808,546.5879
167.5273,-7.726768,330.4915,447.0718,546.5757
167.6273,-7.726817,330.4916,447.0629,546.5635
167.7273,-7.726916,330.4917,447.054,546.5514
167.8273,-7.72696,330.4919,447.0451,546.5393
167.9273,-7.726993,330.492,447.0362,546.5272
168.0273,-7.727086,330.4921,447.0274,546.5151
168.1273,-7.727111,330.4923,447.0185,546.5031
168.2273,-7.727171,330.4924,447.0097,546.4911
168.3273,-7.727225,330.4925,447.0008,546.4791
168.4273,-7.727324,330.4926,446.992,546.4671
168.5273,-7.727352,330.4927,446.9832,546.4552
168.6273,-7.727389,330.4929,446.9744,546.4433
168.7273,-7.727483,330.4929,446.9657,546.4314
168.8273,-7.727505,330.4931,446.9569,546.4196
168.9273,-7.727566,330.4933,446.9481,546.4077
169.0273,-7.727623,330.4934,446.9394,546.3959
169.1273,-7.727717,330.4934,446.9307,546.3842
169.2273,-7.727747,330.4936,446.922,546.3724
169.3273,-7.727788,330.4938,446.9132,546.3607
169.4273,-7.727891,330.4938,446.9046,546.349
169.5273,-7.727913,330.494,446.8959,546.3373
169.6273,-7.727989,330.4941,446.8872,546.3257
169.7273,-7.728039,330.4942,446.8786,546.3141
169.8273,-7.728137,330.4943,446.8699,546.3025
169.9273,-7.728181,330.4944,446.8613,546.2909
170.0273,-7.728216,330.4946,446.8527,546.2794
170.1273,-7.728313,330.4947,446.8441,546.2679
170.2273,-7.728333,330.4948,446.8355,546.2564
170.3273,-7.728391,330.495,446.827,546.245
170.4273,-7.728439,330.4951,446.8184,546.2336
170.5273,-7.728535,330.4952,446.8098,546.2223
170.6273,-7.728555,330.4953,446.8013,546.2109
170.7273,-7.728583,330.4955,446.7928,546.1996
170.8273,-7.728681,330.4956,446.7843,546.1883
170.9273,-7.728689,330.4957,446.7758,546.177
171.0273,-7.72875,330.4959,446.7673,546.1657
171.1273,-7.728807,330.496,446.7588,546.1545
171.2273,-7.728895,330.496,446.7504,546.1433
171.3273,-7.728922,330.4962,446.7419,546.1322
171.4273,-7.728969,330.4964,446.7335,546.121
171.5273,-7.729063,330.4964,446.725,546.1099
171.6273,-7.729082,330.4966,446.7166,546.0988
171.7273,-7.729156,330.4968,446.7082,546.0877
171.8273,-7.729196,330.4969,446.6998,546.0767
171.9273,-7.729295,330.4969,446.6915,546.0657
172.0273,-7.729342,330.4971,446.6831,546.0547
172.1273,-7.72938,330.4973,446.6747,546.0437
172.2273,-7.729478,330.4973,446.6664,546.0327
172.3273,-7.729507,330.4975,446.6581,546.0218
172.4273,-7.729571,330.4977,446.6498,546.0109
172.5273,-7.729622,330.4978,446.6415,546.0001
172.6273,-7.729734,330.4978,446.6332,545.9892
172.7273,-7.729771,330.498,446.6249,545.9784
172.8273,-7.729807,330.4982,446.6167,545.9676
172.9273,-7.729904,330.4982,446.6084,545.9569
173.0273,-7.729922,330.4984,446.6001,545.9461
173.1273,-7.729978,330.4985,446.5919,545.9354
173.2273,-7.73003,330.4987,446.5837,545.9248
173.3273,-7.730113,330.4987,446.5755,545.9141
173.4273,-7.730148,330.4989,446.5673,545.9035
173.5273,-7.730172,330.4991,446.5591,545.8928
173.6273,-7.73026,330.4991,446.551,545.8823
173.7273,-7.730271,330.4993,446.5428,545.8717
173.8273,-7.730328,330.4995,446.5347,545.8612
173.9273,-7.730368,330.4995,446.5266,545.8507
174.0273,-7.73046,330.4996,446.5184,545.8402
174.1273,-7.730488,330.4998,446.5103,545.8297
174.2273,-7.730519,330.5,446.5022,545.8193
174.3273,-7.730607,330.5,446.4941,545.8089
174.4273,-7.730642,330.5002,446.4861,545.7985
174.5273,-7.730705,330.5003,446.478,545.7881
174.6273,-7.73076,330.5005,446.47,545.7778
174.7273,-7.730864,330.5005,446.462,545.7674
174.8273,-7.730894,330.5007,446.4539,545.7572
174.9273,-7.730952,330.5009,446.4459,545.7469
175.0273,-7.73103,330.5009,446.4379,545.7367
175.1273,-7.731097,330.5011,446.43,545.7265
175.2273,-7.731131,330.5013,446.422,545.7163
175.3273,-7.731224,330.5014,446.414,545.7061
175.4273,-7.731298,330.5015,446.4061,545.696
175.5273,-7.731362,330.5016,446.3981,545.6859
175.6273,-7.731377,330.5018,446.3902,545.6758
175.7273,-7.731487,330.5018,446.3823,545.6657
175.8273,-7.731462,330.5021,446.3744,545.6557
175.9273,-7.731546,330.5022,446.3665,545.6457
176.0273,-7.731567,330.5023,446.3586,545.6356
176.1273,-7.731664,330.5024,446.3508,545.6257
176.2273,-7.731672,330.5026,446.3429,545.6157
176.3273,-7.73172,330.5027,446.3351,545.6058
176.4273,-7.731791,330.5028,446.3273,545.5959
176.5273,-7.731827,330.5029,446.3194,545.586
176.6273,-7.731855,330.5031,446.3116,545.5762
176.7273,-7.731915,330.5032,446.3039,545.5663
176.8273,-7.731979,330.5033,446.2961,545.5565
176.9273,-7.732042,330.5034,446.2883,545.5468
177.0273,-7.732057,330.5036,446.2806,545.537
177.1273,-7.732178,330.5037,446.2728,545.5273
177.2273,-7.732182,330.5039,446.2651,545.5176
177.3273,-7.732278,330.504,446.2574,545.5079
177.4273,-7.73231,330.5041,446.2497,545.4983
177.5273,-7.732431,330.5042,446.242,545.4886
177.6273,-7.73243,330.5044,446.2343,545.479
177.7273,-7.732499,330.5045,446.2266,545.4694
177.8273,-7.732546,330.5046,446.219,545.4599
177.9273,-7.732598,330.5047,446.2113,545.4503
178.0273,-7.73263,330.5049,446.2037,545.4408
178.1273,-7.732707,330.505,446.1961,545.4313
178.2273,-7.732758,330.5052,446.1885,545.4219
178.3273,-7.732826,330.5053,446.1809,545.4124
178.4273,-7.732837,330.5055,446.1733,545.403
178.5273,-7.73295,330.5055,446.1657,545.3936
178.6273,-7.732947,330.5057,446.1581,545.3843
178.7273,-7.733031,330.5059,446.1506,545.3749
178.8273,-7.733056,330.506,446.143,545.3656
178.9273,-7.733147,330.5061,446.1355,545.3563
179.0273,-7.733189,330.5063,446.128,545.3471
179.1273,-7.73318,330.5064,446.1205,545.3378
179.2273,-7.733311,330.5065,446.113,545.3286
179.3273,-7.733275,330.5067,446.1055,545.3195
179.4273,-7.733387,330.5068,446.098,545.3103
179.5273,-7.733394,330.5069,446.0906,545.3011
179.6273,-7.733524,330.507,446.0831,545.2921
179.7273,-7.733519,330.5072,446.0757,545.283
179.8273,-7.7336,330.5073,446.0683,545.2739
179.9273,-7.733645,330.5074,446.0609,545.2649
180.0273,-7.733702,330.5076,446.0535,545.2558
180.1273,-7.733723,330.5077,446.0461,545.2469
180.2273,-7.733809,330.5078,446.0387,545.2379
180.3273,-7.733856,330.508,446.0313,545.2289
180.4273,-7.733928,330.5081,446.024,545.22
180.5273,-7.733928,330.5083,446.0166,545.2111
180.6273,-7.734059,330.5084,446.0093,545.2022
180.7273,-7.73403,330.5085,446.002,545.1934
180.8273,-7.734135,330.5087,445.9947,545.1846
180.9273,-7.734133,330.5088,445.9874,545.1757
181.0273,-7.734274,330.509,445.9801,545.167
181.1273,-7.734252,330.5091,445.9728,545.1582
181.2273,-7.734353,330.5093,445.9656,545.1495
181.3273,-7.734386,330.5093,445.9583,545.1408
181.4273,-7.734478,330.5095,445.9511,545.1321
181.5273,-7.734493,330.5097,445.9439,545.1234
181.6273,-7.734601,330.5098,445.9367,545.1148
181.7273,-7.734644,330.5099,445.9294,545.1062
181.8273,-7.734749,330.51,445.9222,545.0976
181.9273,-7.734754,330.5102,445.9151,545.089
182.0273,-7.734886,330.5103,445.9079,545.0805
182.1273,-7.734883,330.5104,445.9007,545.0719
182.2273,-7.73497,330.5106,445.8936,545.0634
182.3273,-7.734992,330.5107,445.8865,545.055
182.4273,-7.735103,330.5108,445.8793,545.0465
182.5273,-7.735101,330.511,445.8723,545.0381
182.6273,-7.735168,330.5112,445.8651,545.0297
182.7273,-7.735211,330.5112,445.8581,545.0213
182.8273,-7.735253,330.5114,445.851,545.0129
182.9273,-7.735255,330.5116,445.8439,545.0046
183.0273,-7.735341,330.5117,445.8369,544.9962
183.1273,-7.735355,330.5118,445.8298,544.988
183.2273,-7.735438,330.512,445.8228,544.9797
183.3273,-7.735413,330.5121,445.8158,544.9714
183.4273,-7.735556,330.5122,445.8088,544.9632
183.5273,-7.735518,330.5124,445.8018,544.955
183.6273,-7.735637,330.5125,445.7948,544.9468
183.7273,-7.735636,330.5127,445.7878,544.9387
183.8273,-7.735777,330.5128,445.7809,544.9305
183.9273,-7.735775,330.5129,445.7739,544.9224
184.0273,-7.735865,330.5131,445.767,544.9143
184.1273,-7.735919,330.5132,445.7601,544.9062
184.2273,-7.735997,330.5134,445.7531,544.8982
184.3273,-7.736027,330.5135,445.7462,544.8902
184.4273,-7.736121,330.5136,445.7393,544.8822
184.5273,-7.736197,330.5137,445.7325,544.8742
184.6273,-7.736269,330.5139,445.7256,544.8663
184.7273,-7.736286,330.5141,445.7187,544.8584
184.8273,-7.736402,330.5142,445.7119,544.8504
184.9273,-7.736384,330.5143,445.7051,544.8426
185.0273,-7.736462,330.5145,445.6982,544.8347
185.1273,-7.736476,330.5146,445.6914,544.8269
185.2273,-7.736584,330.5147,445.6846,544.819
185.3273,-7.736564,330.5149,445.6778,544.8113
185.4273,-7.73664,330.515,445.671,544.8035
185.5273,-7.736672,330.5151,445.6643,544.7957
185.6273,-7.736727,330.5153,445.6575,544.788
185.7273,-7.736723,330.5155,445.6508,544.7803
185.8273,-7.736815,330.5156,445.644,544.7726
185.9273,-7.736835,330.5157,445.6373,544.7649
186.0273,-7.736927,330.5158,445.6306,544.7573
186.1273,-7.736907,330.516,445.6239,544.7497
186.2273,-7.737039,330.5161,445.6172,544.7421
186.3273,-7.737007,330.5163,445.6105,544.7345
186.4273,-7.737099,330.5164,445.6038,544.727
186.5273,-7.737107,330.5165,445.5972,544.7195
186.6273,-7.737228,330.5166,445.5905,544.7119
186.7273,-7.737236,330.5168,445.5839,544.7045
186.8273,-7.737306,330.517,445.5773,544.697
186.9273,-7.737378,330.517,445.5707,544.6896
187.0273,-7.737425,330.5173,445.5641,544.6822
187.1273,-7.737462,330.5174,445.5575,544.6748
187.2273,-7.737535,330.5175,445.5509,544.6674
187.3273,-7.737598,330.5176,445.5444,544.6601
187.4273,-7.737672,330.5178,445.5378,544.6527
187.5273,-7.737687,330.518,445.5312,544.6455
187.6273,-7.737802,330.5181,445.5247,544.6382
187.7273,-7.737796,330.5182,445.5182,544.6309
187.8273,-7.737883,330.5184,445.5117,544.6237
187.9273,-7.737893,330.5185,445.5052,544.6165
188.0273,-7.738012,330.5186,445.4987,544.6093
188.1273,-7.73801,330.5188,445.4922,544.6021
188.2273,-7.738082,330.519,445.4857,544.595
188.3273,-7.738111,330.5191,445.4793,544.5878
188.4273,-7.738168,330.5192,445.4729,544.5807
188.5273,-7.738163,330.5194,445.4664,544.5736
188.6273,-7.738254,330.5195,445.46,544.5666
188.7273,-7.73828,330.5196,445.4536,544.5596
188.8273,-7.738366,330.5197,445.4472,544.5525
188.9273,-7.73835,330.5199,445.4408,544.5456
189.0273,-7.738468,330.52,445.4344,544.5386
189.1273,-7.73845,330.5202,445.428,544.5316
189.2273,-7.73853,330.5204,445.4217,544.5247
189.3273,-7.738559,330.5204,445.4153,544.5178
189.4273,-7.738659,330.5206,445.409,544.5109
189.5273,-7.738679,330.5207,445.4027,544.5041
189.6273,-7.738748,330.5209,445.3964,544.4972
189.7273,-7.738814,330.521,445.39,544.4904
189.8273,-7.738849,330.5212,445.3838,544.4836
189.9273,-7.738895,330.5213,445.3775,544.4768
190.0273,-7.738971,330.5215,445.3712,544.4701
190.1273,-7.739027,330.5216,445.365,544.4633
190.2273,-7.739095,330.5217,445.3587,544.4566
190.3273,-7.7391,330.5219,445.3525,544.4499
190.4273,-7.739215,330.522,445.3462,544.4433
190.5273,-7.739194,330.5222,445.34,544.4366
190.6273,-7.739279,330.5224,445.3338,544.43
190.7273,-7.73929,330.5225,445.3276,544.4234
190.8273,-7.739411,330.5226,445.3215,544.4168
190.9273,-7.739408,330.5227,445.3153,544.4103
191.0273,-7.739488,330.5229,445.3091,544.4038
191.1273,-7.739536,330.523,445.303,544.3972
191.2273,-7.739585,330.5232,445.2968,544.3907
191.3273,-7.739605,330.5233,445.2907,544.3843
191.4273,-7.73969,330.5234,445.2846,544.3778
191.5273,-7.739743,330.5235,445.2785,544.3714
191.6273,-7.739804,330.5237,445.2724,544.365
191.7273,-7.739817,330.5238,445.2663,544.3586
191.8273,-7.739907,330.5239,445.2602,544.3522
191.9273,-7.739905,330.5241,445.2541,544.3459
192.0273,-7.739962,330.5243,445.2481,544.3396
192.1273,-7.739996,330.5244,445.2421,544.3333
192.2273,-7.74007,330.5245,445.236,544.327
192.3273,-7.740092,330.5246,445.23,544.3208
192.4273,-7.740138,330.5248,445.224,544.3145
192.5273,-7.740187,330.5249,445.218,544.3083
192.6273,-7.740222,330.5251,445.212,544.3021
192.7273,-7.740236,330.5253,445.206,544.296
192.8273,-7.740315,330.5254,445.2001,544.2898
192.9273,-7.740362,330.5255,445.1941,544.2837
193.0273,-7.740442,330.5257,445.1882,544.2776
193.1273,-7.740441,330.5258,445.1822,544.2715
193.2273,-7.740567,330.5259,445.1763,544.2654
193.3273,-7.740546,330.5261,445.1704,544.2594
193.4273,-7.740639,330.5263,445.1645,544.2534
193.5273,-7.740669,330.5264,445.1586,544.2474
193.6273,-7.740774,330.5265,445.1527,544.2414
193.7273,-7.740805,330.5267,445.1468,544.2354
193.8273,-7.740863,330.5268,445.141,544.2295
193.9273,-7.740944,330.5269,445.1351,544.2236
194.0273,-7.740955,330.5271,445.1293,544.2177
194.1273,-7.741004,330.5273,445.1235,544.2118
194.2273,-7.741056,330.5274,445.1176,544.206
194.3273,-7.741122,330.5275,445.1118,544.2002
194.4273,-7.741162,330.5276,445.106,544.1944
194.5273,-7.741172,330.5278,445.1003,544.1886
194.6273,-7.741256,330.5279,445.0945,544.1828
194.7273,-7.741245,330.5281,445.0887,544.1771
194.8273,-7.741297,330.5282,445.083,544.1713
194.9273,-7.741315,330.5284,445.0772,544.1656
195.0273,-7.74141,330.5285,445.0715,544.16
195.1273,-7.741407,330.5286,445.0657,544.1543
195.2273,-7.74146,330.5288,445.0601,544.1487
195.3273,-7.741508,330.5289,445.0544,544.143
195.4273,-7.741546,330.5291,445.0487,544.1374
195.5273,-7.741567,330.5292,445.043,544.1318
195.6273,-7.741657,330.5294,445.0373,544.1263
195.7273,-7.741706,330.5295,445.0316,544.1208
195.8273,-7.741777,330.5296,445.026,544.1152
195.9273,-7.741798,330.5298,445.0204,544.1097
196.0273,-7.741905,330.5299,445.0148,544.1043
196.1273,-7.74191,330.5301,445.0091,544.0988
196.2273,-7.741978,330.5302,445.0035,544.0934
196.3273,-7.742031,330.5304,444.9979,544.088
196.4273,-7.742112,330.5305,444.9923,544.0826
196.5273,-7.742169,330.5306,444.9868,544.0772
196.6273,-7.742203,330.5308,444.9812,544.0719
196.7273,-7.742292,330.5309,444.9757,544.0666
196.8273,-7.742298,330.5311,444.9701,544.0612
196.9273,-7.742343,330.5312,444.9646,544.056
197.0273,-7.742387,330.5314,444.959,544.0507
197.1273,-7.74245,330.5315,444.9535,544.0454
197.2273,-7.742497,330.5316,444.948,544.0402
197.3273,-7.742506,330.5318,444.9426,544.035
197.4273,-7.742593,330.5319,444.9371,544.0298
197.5273,-7.742572,330.5321,444.9316,544.0247
197.6273,-7.742629,330.5322,444.9261,544.0195
197.7273,-7.742645,330.5323,444.9207,544.0144
197.8273,-7.74273,330.5325,444.9153,544.0093
197.9273,-7.742736,330.5326,444.9098,544.0042
198.0273,-7.742786,330.5328,444.9044,543.9992
198.1273,-7.742836,330.5329,444.899,543.9941
198.2273,-7.742865,330.533,444.8936,543.9891
198.3273,-7.742899,330.5332,444.8882,543.9841
198.4273,-7.742963,330.5333,444.8828,543.9791
198.5273,-7.743025,330.5334,444.8775,543.9741
198.6273,-7.743088,330.5336,444.8721,543.9692
198.7273,-7.743118,330.5338,444.8668,543.9643
198.8273,-7.743209,330.5339,444.8615,543.9594
198.9273,-7.743237,330.534,444.8561,543.9545
199.0273,-7.743276,330.5342,444.8508,543.9497
199.1273,-7.74334,330.5343,444.8455,543.9448
199.2273,-7.743411,330.5344,444.8402,543.94
199.3273,-7.743475,330.5346,444.8349,543.9352
199.4273,-7.743487,330.5348,444.8296,543.9304
199.5273,-7.743586,330.5349,444.8244,543.9256
199.6273,-7.743589,330.5351,444.8191,543.9209
199.7273,-7.743641,330.5353,444.8139,543.9162
199.8273,-7.743682,330.5354,444.8087,543.9115
199.9273,-7.743756,330.5355,444.8034,543.9068
200.0273,-7.743782,330.5356,444.7982,543.9021
200.1273,-7.743817,330.5358,444.793,543.8975
200.2273,-7.743878,330.5359,444.7878,543.8929
200.3273,-7.743888,330.5361,444.7826,543.8883
200.4273,-7.743924,330.5362,444.7775,543.8837
200.5273,-7.743958,330.5363,444.7723,543.8792
200.6273,-7.744016,330.5364,444.7672,543.8746
200.7273,-7.744062,330.5366,444.762,543.8701
200.8273,-7.744078,330.5367,444.7569,543.8656
200.9273,-7.744162,330.5368,444.7518,543.8611
201.0273,-7.744151,330.537,444.7467,543.8566
201.1273,-7.744212,330.5372,444.7416,543.8522
201.2273,-7.744235,330.5373,444.7365,543.8478
201.3273,-7.744323,330.5374,444.7314,543.8434
201.4273,-7.744347,330.5376,444.7264,543.839
201.5273,-7.744385,330.5377,444.7213,543.8346
201.6273,-7.744464,330.5379,444.7163,543.8303
201.7273,-7.744489,330.538,444.7112,543.826
201.8273,-7.744522,330.5382,444.7062,543.8217
201.9273,-7.744588,330.5383,444.7012,543.8174
202.0273,-7.74465,330.5384,444.6962,543.8131
202.1273,-7.744693,330.5386,444.6912,543.8089
202.2273,-7.744725,330.5388,444.6862,543.8047
202.3273,-7.744814,330.5389,444.6812,543.8005
202.4273,-7.74482,330.539,444.6763,543.7963
202.5273,-7.744879,330.5392,444.6713,543.7921
202.6273,-7.744922,330.5393,444.6664,543.788
202.7273,-7.744997,330.5395,444.6614,543.7839
202.8273,-7.745039,330.5396,444.6565,543.7798
202.9273,-7.745064,330.5398,444.6516,543.7757
203.0273,-7.745135,330.5399,444.6467,543.7716
203.1273,-7.745155,330.54,444.6418,543.7676
203.2273,-7.745197,330.5402,444.6369,543.7635
203.3273,-7.745238,330.5403,444.6321,543.7595
203.4273,-7.745311,330.5404,444.6272,543.7555
203.5273,-7.745348,330.5406,444.6223,543.7516
203.6273,-7.74537,330.5407,444.6175,543.7476
203.7273,-7.745446,330.5408,444.6127,543.7437
203.8273,-7.745431,330.541,444.6078,543.7398
203.9273,-7.745464,330.5412,444.603,543.7359
204.0273,-7.745514,330.5413,444.5982,543.732
204.1273,-7.745554,330.5414,444.5934,543.7282
204.2273,-7.745634,330.5415,444.5887,543.7243
204.3273,-7.745641,330.5417,444.5839,543.7205
204.4273,-7.745701,330.5418,444.5791,543.7167
204.5273,-7.745707,330.542,444.5744,543.7129
204.6273,-7.745744,330.5422,444.5696,543.7092
204.7273,-7.745784,330.5423,444.5649,543.7054
204.8273,-7.745845,330.5424,444.5602,543.7017
204.9273,-7.745911,330.5426,444.5555,543.698
205.0273,-7.745976,330.5427,444.5507,543.6944
205.1273,-7.746023,330.5429,444.5461,543.6907
205.2273,-7.746034,330.5431,444.5414,543.6871
205.3273,-7.746083,330.5432,444.5367,543.6834
205.4273,-7.74613,330.5433,444.532,543.6798
205.5273,-7.746206,330.5435,444.5274,543.6762
205.6273,-7.746263,330.5436,444.5227,543.6727
205.7273,-7.746293,330.5438,444.5181,543.6691
205.8273,-7.746385,330.5438,444.5135,543.6656
205.9273,-7.746385,330.544,444.5089,543.6621
206.0273,-7.746416,330.5442,444.5043,543.6586
206.1273,-7.746477,330.5443,444.4997,543.6552
206.2273,-7.746515,330.5444,444.4951,543.6517
206.3273,-7.74656,330.5446,444.4905,543.6483
206.4273,-7.746592,330.5447,444.4859,543.6448
206.5273,-7.746655,330.5448,444.4814,543.6415
206.6273,-7.746628,330.5451,444.4769,543.6381
206.7273,-7.746707,330.5452,444.4723,543.6347
206.8273,-7.746725,330.5453,444.4678,543.6314
206.9273,-7.746772,330.5455,444.4633,543.6281
207.0273,-7.746827,330.5456,444.4588,543.6248
207.1273,-7.746867,330.5457,444.4543,543.6215
207.2273,-7.746923,330.5459,444.4498,543.6182
207.3273,-7.746928,330.546,444.4453,543.615
207.4273,-7.746965,330.5462,444.4409,543.6117
207.5273,-7.747005,330.5463,444.4364,543.6085
207.6273,-7.747057,330.5465,444.4319,543.6053
207.7273,-7.747125,330.5466,444.4275,543.6022
207.8273,-7.747157,330.5467,444.4231,543.599
207.9273,-7.747228,330.5469,444.4187,543.5959
208.0273,-7.74726,330.547,444.4143,543.5928
208.1273,-7.747273,330.5472,444.4099,543.5897
208.2273,-7.747331,330.5473,444.4054,543.5866
208.3273,-7.747384,330.5475,444.4011,543.5835
208.4273,-7.747439,330.5476,444.3967,543.5805
208.5273,-7.747471,330.5477,444.3924,543.5775
208.6273,-7.747552,330.5478,444.388,543.5745
208.7273,-7.747548,330.548,444.3837,543.5715
208.8273,-7.74759,330.5482,444.3793,543.5685
208.9273,-7.747643,330.5483,444.375,543.5656
209.0273,-7.747703,330.5485,444.3707,543.5627
209.1273,-7.74776,330.5486,444.3664,543.5597
209.2273,-7.747786,330.5488,444.3621,543.5568
209.3273,-7.747854,330.5489,444.3578,543.554
209.4273,-7.747856,330.5491,444.3535,543.5511
209.5273,-7.74789,330.5492,444.3493,543.5483
209.6273,-7.747935,330.5493,444.345,543.5454
209.7273,-7.747993,330.5495,444.3408,543.5427
209.8273,-7.748043,330.5496,444.3365,543.5398
209.9273,-7.748063,330.5498,444.3323,543.5371
210.0273,-7.748141,330.5499,444.3281,543.5343
210.1273,-7.748144,330.5501,444.3239,543.5316
210.2273,-7.748176,330.5502,444.3197,543.5289
210.3273,-7.748224,330.5503,444.3155,543.5262
210.4273,-7.748271,330.5505,444.3114,543.5235
210.5273,-7.74836,330.5506,444.3072,543.5209
210.6273,-7.748348,330.5508,444.303,543.5182
210.7273,-7.748465,330.5508,444.2989,543.5156
210.8273,-7.748405,330.5511,444.2947,543.513
210.9273,-7.748513,330.5512,444.2906,543.5104
211.0273,-7.748488,330.5513,444.2865,543.5078
211.1273,-7.748601,330.5514,444.2824,543.5053
211.2273,-7.748598,330.5516,444.2783,543.5027
211.3273,-7.748691,330.5517,444.2742,543.5002
211.4273,-7.748684,330.5519,444.2701,543.4978
211.5273,-7.748757,330.552,444.266,543.4952
211.6273,-7.748725,330.5523,444.2619,543.4928
211.7273,-7.748833,330.5523,444.2579,543.4904
211.8273,-7.748823,330.5525,444.2538,543.4879
211.9273,-7.748948,330.5526,444.2498,543.4855
212.0273,-7.748916,330.5528,444.2458,543.4831
212.1273,-7.749064,330.5528,444.2418,543.4808
212.2273,-7.748998,330.5531,444.2377,543.4784
212.3273,-7.749104,330.5532,444.2337,543.4761
212.4273,-7.749083,330.5534,444.2298,543.4737
212.5273,-7.749204,330.5534,444.2258,543.4714
212.6273,-7.74919,330.5536,444.2218,543.4692
212.7273,-7.7493,330.5537,444.2178,543.4669
212.8273,-7.7493,330.5539,444.2139,543.4647
212.9273,-7.749373,330.554,444.2099,543.4624
213.0273,-7.749351,330.5542,444.206,543.4602
213.1273,-7.74946,330.5543,444.2021,543.458
213.2273,-7.749438,330.5545,444.1982,543.4558
213.3273,-7.74956,330.5546,444.1943,543.4537
213.4273,-7.749514,330.5548,444.1904,543.4515
213.5273,-7.749649,330.5548,444.1865,543.4494
213.6273,-7.749579,330.5551,444.1826,543.4473
213.7273,-7.749672,330.5552,444.1787,543.4452
213.8273,-7.749634,330.5554,444.1749,543.4431
213.9273,-7.749764,330.5554,444.171,543.4411
214.0273,-7.749729,330.5556,444.1672,543.439
214.1273,-7.749834,330.5557,444.1633,543.437
214.2273,-7.749836,330.5559,444.1595,543.435
214.3273,-7.74991,330.556,444.1557,543.433
214.4273,-7.749871,330.5562,444.1519,543.431
214.5273,-7.75,330.5563,444.1481,543.4291
214.6273,-7.749974,330.5565,444.1443,543.4271
214.7273,-7.750098,330.5566,444.1406,543.4252
214.8273,-7.750064,330.5568,444.1368,543.4233
214.9273,-7.750205,330.5568,444.133,543.4214
215.0273,-7.75013,330.5571,444.1293,543.4196
215.1273,-7.750256,330.5572,444.1255,543.4177
215.2273,-7.750219,330.5574,444.1218,543.4159
215.3273,-7.750343,330.5575,444.1181,543.4141
215.4273,-7.75033,330.5576,444.1143,543.4122
215.5273,-7.750426,330.5577,444.1106,543.4105
215.6273,-7.750392,330.5579,444.107,543.4087
215.7273,-7.750504,330.558,444.1033,543.4069
215.8273,-7.750452,330.5582,444.0996,543.4052
215.9273,-7.750587,330.5583,444.0959,543.4035
216.0273,-7.750538,330.5585,444.0923,543.4018
216.1273,-7.750726,330.5585,444.0886,543.4001
216.2273,-7.750596,330.5588,444.085,543.3985
216.3273,-7.750709,330.5589,444.0814,543.3968
216.4273,-7.750666,330.5591,444.0777,543.3952
216.5273,-7.750766,330.5592,444.0741,543.3936
216.6273,-7.750691,330.5594,444.0705,543.392
216.7273,-7.750827,330.5594,444.0669,543.3904
216.8273,-7.750765,330.5596,444.0633,543.3888
216.9273,-7.75097,330.5596,444.0598,543.3873
217.0273,-7.750866,330.5599,444.0562,543.3858
217.1273,-7.750936,330.56,444.0526,543.3842
217.2273,-7.750989,330.5602,444.0491,543.3827
217.3273,-7.751041,330.5603,444.0455,543.3813
217.4273,-7.751043,330.5605,444.042,543.3798
217.5273,-7.751138,330.5606,444.0385,543.3784
217.6273,-7.751165,330.5607,444.0349,543.3769
217.7273,-7.751307,330.5608,444.0314,543.3755
217.8273,-7.751281,330.561,444.0279,543.3741
217.9273,-7.751336,330.5612,444.0245,543.3728
218.0273,-7.751362,330.5613,444.021,543.3714
218.1273,-7.751435,330.5614,444.0175,543.3701
218.2273,-7.751438,330.5616,444.014,543.3687
218.3273,-7.751525,330.5617,444.0106,543.3674
218.4273,-7.75155,330.5619,444.0071,543.3661
218.5273,-7.751686,330.5619,444.0037,543.3648
218.6273,-7.751632,330.5622,444.0003,543.3636
218.7273,-7.751704,330.5623,443.9969,543.3624
218.8273,-7.751717,330.5624,443.9934,543.3611
218.9273,-7.75177,330.5626,443.99,543.3599
219.0273,-7.751769,330.5627,443.9866,543.3587
219.1273,-7.751833,330.5629,443.9833,543.3575
219.2273,-7.751827,330.563,443.9799,543.3564
219.3273,-7.751964,330.563,443.9765,543.3552
219.4273,-7.751883,330.5633,443.9732,543.3541
219.5273,-7.751945,330.5634,443.9698,543.353
219.6273,-7.751956,330.5636,443.9665,543.3518
219.7273,-7.752017,330.5637,443.9631,543.3508
219.8273,-7.751251,330.564,443.9598,543.3497
219.9273,-7.751929,330.5641,443.9565,543.3487
220.0273,-7.752023,330.5641,443.9532,543.3476
220.1273,-7.752125,330.5642,443.9499,543.3466
220.2273,-7.752085,330.5644,443.9466,543.3456
220.3273,-7.752071,330.5646,443.9433,543.3446
220.4273,-7.75215,330.5647,443.9401,543.3436
220.5273,-7.752232,330.5648,443.9368,543.3427
220.6273,-7.752235,330.565,443.9335,543.3417
220.7273,-7.752343,330.5651,443.9303,543.3408
220.8273,-7.752368,330.5653,443.9271,543.3399
220.9273,-7.752522,330.5653,443.9238,543.339
221.0273,-7.752468,330.5655,443.9206,543.3381
221.1273,-7.752551,330.5657,443.9174,543.3373
221.2273,-7.752569,330.5658,443.9142,543.3365
221.3273,-7.752628,330.566,443.911,543.3356
221.4273,-7.752629,330.5661,443.9078,543.3349
221.5273,-7.752701,330.5662,443.9047,543.334
221.6273,-7.752713,330.5664,443.9015,543.3333
221.7273,-7.752848,330.5664,443.8983,543.3325
221.8273,-7.752798,330.5666,443.8952,543.3318
221.9273,-7.752851,330.5668,443.892,543.3311
222.0273,-7.752869,330.5669,443.8889,543.3303
222.1273,-7.752932,330.5671,443.8858,543.3296
222.2273,-7.752919,330.5672,443.8827,543.329
222.3273,-7.753005,330.5673,443.8796,543.3283
222.4273,-7.753015,330.5675,443.8765,543.3277
222.5273,-7.75315,330.5675,443.8734,543.327
222.6273,-7.753102,330.5678,443.8703,543.3264
222.7273,-7.753168,330.5679,443.8672,543.3258
222.8273,-7.753181,330.568,443.8642,543.3252
222.9273,-7.75324,330.5682,443.8611,543.3247
223.0273,-7.753222,330.5683,443.8581,543.3241
223.1273,-7.75331,330.5684,443.855,543.3236
223.2273,-7.753319,330.5686,443.852,543.3231
223.3273,-7.753444,330.5686,443.849,543.3226
223.4273,-7.753375,330.5689,443.846,543.322
223.5273,-7.753438,330.569,443.8429,543.3216
223.6273,-7.753446,330.5691,443.84,543.3211
223.7273,-7.753501,330.5693,443.837,543.3207
223.8273,-7.753489,330.5694,443.834,543.3202
223.9273,-7.753564,330.5696,443.831,543.3198
224.0273,-7.753567,330.5697,443.8281,543.3194
224.1273,-7.753696,330.5697,443.8251,543.3191
224.2273,-7.753637,330.57,443.8222,543.3187
224.3273,-7.753701,330.5701,443.8192,543.3183
224.4273,-7.753724,330.5702,443.8163,543.318
224.5273,-7.753782,330.5704,443.8134,543.3177
224.6273,-7.753783,330.5705,443.8105,543.3174
224.7273,-7.753876,330.5706,443.8075,543.3171
224.8273,-7.75388,330.5708,443.8047,543.3168
224.9273,-7.754016,330.5708,443.8017,543.3165
225.0273,-7.753959,330.571,443.7989,543.3163
225.1273,-7.754016,330.5712,443.796,543.3161
225.2273,-7.754028,330.5713,443.7931,543.3159
225.3273,-7.754086,330.5715,443.7903,543.3157
225.4273,-7.75408,330.5716,443.7874,543.3155
225.5273,-7.754151,330.5717,443.7846,543.3154
225.6273,-7.754163,330.5719,443.7818,543.3152
225.7273,-7.754283,330.5719,443.779,543.3151
225.8273,-7.75422,330.5722,443.7761,543.315
225.9273,-7.754273,330.5723,443.7733,543.3149
226.0273,-7.754281,330.5724,443.7705,543.3148
226.1273,-7.754327,330.5726,443.7678,543.3147
226.2273,-7.75433,330.5727,443.765,543.3146
226.3273,-7.754397,330.5728,443.7622,543.3146
226.4273,-7.75441,330.573,443.7594,543.3145
226.5273,-7.754545,330.573,443.7567,543.3145
226.6273,-7.754499,330.5732,443.7539,543.3145
226.7273,-7.754551,330.5734,443.7512,543.3145
226.8273,-7.75458,330.5735,443.7485,543.3146
226.9273,-7.754633,330.5737,443.7458,543.3146
227.0273,-7.754635,330.5738,443.743,543.3147
227.1273,-7.754724,330.5739,443.7403,543.3148
227.2273,-7.754735,330.574,443.7376,543.3149
227.3273,-7.754864,330.5741,443.7349,543.315
227.4273,-7.754823,330.5743,443.7323,543.3151
227.5273,-7.754881,330.5745,443.7296,543.3153
227.6273,-7.754895,330.5746,443.7269,543.3154
227.7273,-7.754948,330.5747,443.7243,543.3156
227.8273,-7.754938,330.5749,443.7216,543.3158
227.9273,-7.755012,330.575,443.719,543.316
228.0273,-7.755015,330.5751,443.7163,543.3162
228.1273,-7.755132,330.5752,443.7137,543.3164
228.2273,-7.755071,330.5754,443.7111,543.3167
228.3273,-7.755133,330.5755,443.7085,543.3169
228.4273,-7.75514,330.5757,443.7059,543.3172
228.5273,-7.755196,330.5758,443.7033,543.3175
228.6273,-7.755196,330.5759,443.7007,543.3178
228.7273,-7.755263,330.5761,443.6982,543.3181
228.8273,-7.755261,330.5762,443.6956,543.3184
228.9273,-7.755388,330.5763,443.693,543.3188
229.0273,-7.755334,330.5765,443.6905,543.3191
229.1273,-7.755396,330.5766,443.6879,543.3195
229.2273,-7.755406,330.5768,443.6854,543.3199
229.3273,-7.755465,330.5769,443.6829,543.3203
229.4273,-7.75545,330.577,443.6804,543.3207
229.5273,-7.75553,330.5771,443.6778,543.3212
229.6273,-7.75553,330.5773,443.6753,543.3216
229.7273,-7.755655,330.5773,443.6728,543.3221
229.8273,-7.755606,330.5775,443.6703,543.3226
229.9273,-7.755665,330.5777,443.6679,543.323
230.0273,-7.755685,330.5778,443.6654,543.3235
230.1273,-7.755742,330.5779,443.6629,543.3241
230.2273,-7.755738,330.5781,443.6605,543.3246
230.3273,-7.755809,330.5782,443.658,543.3252
230.4273,-7.75582,330.5784,443.6556,543.3257
230.5273,-7.755939,330.5784,443.6532,543.3263
230.6273,-7.755892,330.5786,443.6508,543.3269
230.7273,-7.755959,330.5787,443.6483,543.3275
230.8273,-7.75597,330.5789,443.6459,543.3281
230.9273,-7.756024,330.579,443.6435,543.3288
231.0273,-7.756018,330.5792,443.6411,543.3294
231.1273,-7.756083,330.5793,443.6387,543.3301
231.2273,-7.756075,330.5794,443.6364,543.3308
231.3273,-7.756204,330.5795,443.634,543.3315
231.4273,-7.75614,330.5797,443.6317,543.3322
231.5273,-7.756197,330.5798,443.6293,543.3329
231.6273,-7.75621,330.5799,443.6269,543.3336
231.7273,-7.756257,330.5801,443.6246,543.3344
231.8273,-7.756242,330.5802,443.6223,543.3352
231.9273,-7.756321,330.5803,443.62,543.3359
232.0273,-7.756327,330.5805,443.6177,543.3367
232.1273,-7.756447,330.5805,443.6153,543.3375
232.2273,-7.756413,330.5807,443.6131,543.3384
232.3273,-7.75646,330.5808,443.6108,543.3392
232.4273,-7.756473,330.581,443.6085,543.34
232.5273,-7.756525,330.5811,443.6062,543.3409
232.6273,-7.756521,330.5813,443.604,543.3418
232.7273,-7.756586,330.5814,443.6017,543.3427
232.8273,-7.756596,330.5815,443.5994,543.3436
232.9273,-7.756717,330.5816,443.5972,543.3445
233.0273,-7.756659,330.5818,443.595,543.3455
233.1273,-7.756717,330.5819,443.5928,543.3464
233.2273,-7.75673,330.5821,443.5905,543.3474
233.3273,-7.756778,330.5822,443.5883,543.3484
233.4273,-7.756769,330.5823,443.5861,543.3493
233.5273,-7.756844,330.5825,443.5839,543.3504
233.6273,-7.756857,330.5826,443.5817,543.3514
233.7273,-7.756985,330.5826,443.5796,543.3524
233.8273,-7.756937,330.5828,443.5774,543.3534
233.9273,-7.756995,330.583,443.5752,543.3545
234.0273,-7.757015,330.5831,443.5731,543.3556
234.1273,-7.757056,330.5832,443.5709,543.3567
234.2273,-7.75704,330.5834,443.5688,543.3578
234.3273,-7.757119,330.5835,443.5667,543.3589
234.4273,-7.757125,330.5836,443.5645,543.36
234.5273,-7.757237,330.5837,443.5624,543.3612
234.6273,-7.7572,330.5839,443.5603,543.3623
234.7273,-7.757241,330.584,443.5582,543.3635
234.8273,-7.75725,330.5841,443.5561,543.3647
234.9273,-7.757298,330.5843,443.554,543.3659
235.0273,-7.757282,330.5844,443.5519,543.3671
235.1273,-7.75735,330.5845,443.5499,543.3683
235.2273,-7.757367,330.5847,443.5478,543.3695
235.3273,-7.757474,330.5847,443.5458,543.3708
235.4273,-7.757425,330.5849,443.5437,543.3721
235.5273,-7.757487,330.5851,443.5417,543.3733
235.6273,-7.757493,330.5852,443.5396,543.3746
235.7273,-7.757545,330.5853,443.5376,543.376
235.8273,-7.757533,330.5855,443.5356,543.3773
235.9273,-7.757603,330.5856,443.5336,543.3786
236.0273,-7.757601,330.5857,443.5316,543.38
236.1273,-7.757724,330.5858,443.5296,543.3813
236.2273,-7.757664,330.586,443.5276,543.3827
236.3273,-7.757724,330.5861,443.5256,543.3841
236.4273,-7.757747,330.5862,443.5237,543.3855
236.5273,-7.7578,330.5864,443.5217,543.3869
236.6273,-7.757801,330.5865,443.5198,543.3883
236.7273,-7.757872,330.5866,443.5178,543.3898
236.8273,-7.757876,330.5867,443.5159,543.3912
236.9273,-7.757988,330.5868,443.5139,543.3927
237.0273,-7.75794,330.587,443.512,543.3942
237.1273,-7.75799,330.5871,443.5101,543.3957
237.2273,-7.758003,330.5872,443.5082,543.3971
237.3273,-7.758049,330.5874,443.5063,543.3987
237.4273,-7.758032,330.5875,443.5044,543.4002
237.5273,-7.758098,330.5876,443.5025,543.4018
237.6273,-7.758111,330.5878,443.5006,543.4033
237.7273,-7.758217,330.5878,443.4987,543.4049
237.8273,-7.758155,330.588,443.4969,543.4065
237.9273,-7.758206,330.5882,443.495,543.4081
238.0273,-7.758211,330.5883,443.4931,543.4097
238.1273,-7.758252,330.5884,443.4913,543.4113
238.2273,-7.758243,330.5886,443.4895,543.4129
238.3273,-7.758304,330.5887,443.4877,543.4146
238.4273,-7.758304,330.5888,443.4858,543.4162
238.5273,-7.758421,330.5888,443.484,543.4179
238.6273,-7.758372,330.589,443.4822,543.4196
238.7273,-7.758423,330.5892,443.4804,543.4213
238.8273,-7.758446,330.5893,443.4786,543.423
238.9273,-7.758491,330.5894,443.4768,543.4247
239.0273,-7.75849,330.5896,443.4751,543.4265
239.1273,-7.758559,330.5897,443.4733,543.4282
239.2273,-7.758576,330.5898,443.4715,543.43
239.3273,-7.758694,330.5899,443.4698,543.4318
239.4273,-7.758655,330.5901,443.468,543.4336
239.5273,-7.758713,330.5902,443.4663,543.4354
239.6273,-7.758725,330.5903,443.4646,543.4372
239.7273,-7.758777,330.5905,443.4628,543.439
239.8273,-7.758765,330.5906,443.4611,543.4408
239.9273,-7.758833,330.5907,443.4594,543.4427
240.0273,-7.758847,330.5908,443.4577,543.4446
240.1273,-7.75895,330.5909,443.456,543.4465
240.2273,-7.758894,330.5911,443.4543,543.4483
240.3273,-7.758932,330.5912,443.4527,543.4502
240.4273,-7.758937,330.5914,443.451,543.4521
240.5273,-7.758978,330.5915,443.4493,543.4541
240.6273,-7.758975,330.5916,443.4476,543.456
240.7273,-7.75902,330.5917,443.446,543.4579
240.8273,-7.75902,330.5919,443.4443,543.4599
240.9273,-7.759128,330.5919,443.4427,543.4619
241.0273,-7.759082,330.5921,443.4411,543.4639
241.1273,-7.759117,330.5922,443.4395,543.4659
241.2273,-7.759136,330.5924,443.4378,543.4679
241.3273,-7.759181,330.5925,443.4362,543.4699
241.4273,-7.759183,330.5926,443.4346,543.472
241.5273,-7.759252,330.5927,443.433,543.474
241.6273,-7.75926,330.5929,443.4315,543.4761
241.7273,-7.759368,330.5929,443.4299,543.4782
241.8273,-7.759326,330.5931,443.4283,543.4802
241.9273,-7.75938,330.5933,443.4268,543.4823
242.0273,-7.759398,330.5934,443.4252,543.4845
242.1273,-7.75945,330.5935,443.4236,543.4866
242.2273,-7.759443,330.5936,443.4221,543.4887
242.3273,-7.759499,330.5937,443.4205,543.4909
242.4273,-7.759507,330.5939,443.419,543.493
242.5273,-7.75961,330.5939,443.4175,543.4952
242.6273,-7.759559,330.5941,443.416,543.4974
242.7273,-7.759614,330.5943,443.4145,543.4996
242.8273,-7.759622,330.5944,443.413,543.5018
242.9273,-7.759664,330.5945,443.4115,543.504
243.0273,-7.759665,330.5947,443.41,543.5062
243.1273,-7.759717,330.5948,443.4085,543.5085
243.2273,-7.759727,330.5949,443.4071,543.5107
243.3273,-7.759834,330.5949,443.4056,543.513
243.4273,-7.759784,330.5952,443.4041,543.5153
243.5273,-7.759823,330.5953,443.4027,543.5176
243.6273,-7.759847,330.5954,443.4012,543.5199
243.7273,-7.759882,330.5955,443.3998,543.5222
243.8273,-7.759867,330.5957,443.3983,543.5245
243.9273,-7.759932,330.5958,443.3969,543.5268
244.0273,-7.759932,330.5959,443.3955,543.5292
244.1273,-7.76004,330.5959,443.3941,543.5316
244.2273,-7.759991,330.5961,443.3927,543.5339
244.3273,-7.760025,330.5963,443.3913,543.5363
244.4273,-7.760038,330.5964,443.3899,543.5387
244.5273,-7.760088,330.5965,443.3885,543.5411
244.6273,-7.760087,330.5967,443.3871,543.5436
244.7273,-7.760137,330.5968,443.3858,543.546
244.8273,-7.76015,330.5969,443.3844,543.5484
244.9273,-7.760248,330.597,443.3831,543.5509
245.0273,-7.760208,330.5972,443.3817,543.5534
245.1273,-7.760258,330.5973,443.3804,543.5558
245.2273,-7.760271,330.5974,443.379,543.5583
245.3273,-7.760308,330.5975,443.3777,543.5608
245.4273,-7.760317,330.5977,443.3764,543.5633
245.5273,-7.760374,330.5978,443.3751,543.5658
245.6273,-7.760381,330.5979,443.3738,543.5684
245.7273,-7.76049,330.598,443.3725,543.5709
245.8273,-7.760436,330.5982,443.3712,543.5735
245.9273,-7.760485,330.5983,443.3699,543.576
246.0273,-7.760506,330.5984,443.3686,543.5786
246.1273,-7.760538,330.5985,443.3673,543.5812
246.2273,-7.760533,330.5987,443.3661,543.5838
246.3273,-7.760592,330.5988,443.3648,543.5865
246.4273,-7.760597,330.5989,443.3636,543.5891
246.5273,-7.760687,330.599,443.3623,543.5917
246.6273,-7.76065,330.5991,443.3611,543.5944
246.7273,-7.760694,330.5993,443.3598,543.597
246.8273,-7.760698,330.5994,443.3586,543.5997
246.9273,-7.760734,330.5995,443.3574,543.6024
247.0273,-7.760727,330.5997,443.3562,543.6051
247.1273,-7.760774,330.5998,443.355,543.6078
247.2273,-7.760794,330.5999,443.3538,543.6105
247.3273,-7.760884,330.6,443.3526,543.6132
247.4273,-7.76085,330.6001,443.3514,543.616
247.5273,-7.760881,330.6003,443.3503,543.6187
247.6273,-7.760896,330.6004,443.3491,543.6215
247.7273,-7.760938,330.6005,443.3479,543.6242
247.8273,-7.760939,330.6007,443.3468,543.627
247.9273,-7.76099,330.6008,443.3456,543.6298
248.0273,-7.760993,330.6009,443.3445,543.6326
248.1273,-7.761098,330.6009,443.3433,543.6354
248.2273,-7.761054,330.6011,443.3422,543.6382
248.3273,-7.761099,330.6013,443.3411,543.6411
248.4273,-7.761119,330.6014,443.3399,543.6439
248.5273,-7.761155,330.6015,443.3388,543.6468
248.6273,-7.761147,330.6017,443.3377,543.6496
248.7273,-7.76121,330.6018,443.3366,543.6525
248.8273,-7.761224,330.6019,443.3355,543.6554
248.9273,-7.761324,330.6019,443.3345,543.6583
249.0273,-7.761275,330.6021,443.3334,543.6612
249.1273,-7.761297,330.6023,443.3323,543.6641
249.2273,-7.761306,330.6024,443.3312,543.6671
249.3273,-7.761335,330.6025,443.3302,543.67
249.4273,-7.761328,330.6026,443.3291,543.673
249.5273,-7.761371,330.6028,443.3281,543.6759
249.6273,-7.761377,330.6029,443.327,543.6789
249.7273,-7.761467,330.6029,443.326,543.6819
249.8273,-7.76142,330.6031,443.325,543.6849
249.9273,-7.761453,330.6032,443.3239,543.6879
250.0,-7.760798,330.6049,443.3232,543.6901
